0.12738777378900615
0.1301289464045382
0.12450562658181814
0.12907007058276695
0.11324332309286068
0.15781009066835686
0.1459807560440722
0.13737817318435672
0.1088825090576371
0.10409563847874224
0.15000323105932153
0.11177718733963896
0.16585817346755902
0.13157628554553913
0.15203953071657395
0.14762232684468798
0.13119408776371638
0.21830698710097368
0.17504345130611904
0.18004335015684952
0.14385987163182626
0.1983731798408245
0.18509963884424238
0.2108228026683953
0.2839729518943081
0.20260868312790947
0.2138929159977912
0.191076961530454
0.2270975360828971
0.23398962723052055
0.24034914769855495
0.23647704558107194
0.21687844457219355
0.2619401896028372
0.20744881077476324
0.2112707885929908
0.22856053906741533
0.19760251873977205
0.1907887468097352
0.23890807409496095
0.24741040835616557
0.24968793120358476
0.224268645943668
0.19422539407743655
0.19822907248046512
0.1957259902863964
0.18964528623297042
0.1788998895800847
0.205265270988448
0.166895119908406
0.16474604057782885
0.215938613961154
0.16441709986396502
0.13305495237357473
0.1234279541478261
0.11418002093519679
0.15234654204951353
0.12695545170792794
0.16606493620198773
0.10963437354646875
0.06219798983859843
0.04688188364735698
0.05607029425462046
0.1023976778414641
0.11485043343773835
0.128120841665617
0.0904273686255235
0.043633202501863554
0.028545788425975063
0.006127695583977966
0.008818743900254588
0.042843744788590314
0.07169341177880151
0.06249560286542762
0.04517452470396844
-0.0010244153660331262
-0.013605614479149439
-0.015864340714347863
-0.002462356200923661
0.0427372306526725
0.030785718048952693
0.02804141266471716
-0.012850617221614322
-0.03707945037421431
-0.0509513501931583
-0.05343876854370968
-0.015670109054733018
-0.02415991224112376
-0.017938233596041835
-0.04857671151593167
-0.06582886876591462
-0.09748549651443064
-0.11591870756561998
-0.09021120758498441
-0.06573801847351413
-0.04837308155020643
-0.061518179029946475
-0.05797815039503078
-0.09927430744410928
-0.10807112196343961
-0.08874820460046615
-0.0716119597925114
-0.036233602824278704
-0.059463082760473296
-0.05044384166319693
-0.06803747070185759
-0.06666218524103637
-0.06611708348663342
-0.07155556995584904
-0.06285900403502959
-0.06671230954029181
-0.04274976172748636
-0.05652141294791946
-0.05696939887251498
-0.07714442932283098
-0.08623572410028704
-0.08851637971640972
-0.09572174773437972
-0.054153039808099754
-0.04131808643000275
-0.03305697535896498
-0.053542149910924035
-0.05977949239952328
-0.053319723332978006
-0.04453543988846153
-0.04168775313701165
-0.03703245884366234
-0.04563817447208129
-0.04195403847680619
-0.049500878283453904
-0.053842895706456693
-0.04579794567595802
-0.06346676116350185
-0.05060361286707366
-0.03205762214255957
-0.006378317080255183
-0.029206802622406224
-0.04869575672666334
-0.04895264376034749
-0.0677398576750284
-0.05700072655954963
-0.046991530551978265
-0.020406855334372427
-0.03209834813570462
-0.04037825581896319
-0.053291528414646815
-0.06409018213549142
-0.06137093890088361
-0.05217939552491666
-0.04032499875100428
-0.029021969268901774
-0.04590445981187583
-0.03613961976317475
-0.05657467001587836
-0.03304444428415111
-0.02314489518120103
-0.018896860819302193
-0.022502677596990657
-0.049638720106406374
-0.03773419903323855
-0.049901872677497454
-0.04584493720650999
-0.07339450518478312
-0.08551205452978658
-0.11431472998944579
-0.12188663194572122
-0.103622590404519
-0.07187824513230595
-0.05429714716845915
-0.059654181651384676
-0.07547466360388402
-0.08763920447943946
-0.09987266626647114
-0.08883278935545971
-0.08515178612888807
-0.08222578015985156
-0.0808442291616234
-0.0872476083915063
-0.09948420294724145
-0.12635082734815917
-0.1274378980882616
-0.12654192623907054
-0.09951239786557263
-0.06917466574121547
-0.03515593039028667
-0.04635557850517483
-0.059259452794748056
-0.08345382549160993
-0.09580006695196636
-0.1018306467061369
-0.08994492224518987
-0.07906481653805517
-0.09063726412865568
-0.08834407743771913
-0.09463154422557382
-0.094120902926909
-0.09831881298955239
-0.08944994479004235
-0.08002970929872245
-0.08830648421327755
-0.09259211179961797
-0.10884491583319551
-0.10615073474821543
-0.14189562565475355
-0.1454043266026346
-0.14583038314630586
-0.1526472878450462
-0.1602035259578043
-0.1554761779842753
-0.13709622400104485
-0.15526001694373617
-0.1408304842955754
-0.15470238411451936
-0.14753774208969442
-0.1440259083731099
-0.13681114204902953
-0.11841865699098522
-0.13402611067164893
-0.13139771772944162
-0.15090546844591954
-0.14514117403154353
-0.14226529236176247
-0.1480076573952142
-0.1495583779034295
-0.17160993680712117
-0.17479282980984182
-0.17123087179400187
-0.14390059762497132
-0.12735331333326802
-0.11640115394595363
-0.1275976692921383
-0.1354452548943187
-0.1542512654212204
-0.13313640435986482
-0.13469965594289396
-0.1072346727196144
-0.13297976592469155
-0.13184570365403714
-0.16225862222727747
-0.16531620448185952
-0.17822007877143276
-0.1675874617918718
-0.16412575237454274
-0.1425597726198882
-0.12028891990695396
-0.08657093035155783
-0.0733788413412658
-0.07269589776391037
-0.07614820887512905
-0.11989105828161388
-0.08700011966393256
-0.11475645037663439
-0.09762020556867965
-0.10885118137060244
-0.06720415422673584
-0.09999484424590628
-0.1274191014760408
-0.11943054128220448
-0.08906461423951613
-0.06937203016953378
-0.01093336277509361
0.048608039202966316
0.09107898451584427
0.027161104659043436
0.01983669143034176
0.011707156644849517
0.022421225610700563
0.042442750394546765
0.05334791825130919
0.04933797431087371
-0.014344947893167231
-0.01846453873822399
-0.03130575765372792
0.0082861732206655
0.018013420044925
0.059297046019189635
0.05232663565397953
0.044159507644045706
0.02261232450161194
0.002687915547573157
0.00799169296253977
0.03482072413901589
0.04778725380265843
0.06159963101623657
0.06165915362160241
0.05561604279261801
-0.004962305626288905
-0.024069061948723266
-0.0603809839905886
-0.032395961162533814
-0.034231763622764436
0.0056264525914235305
0.020043454164770463
0.03456070433662828
0.025221920831598466
0.003856438273965683
-0.01373092522728805
-0.036399639565562365
-0.031904116476089775
-0.004097661464132505
0.04056935470987457
0.05074145469002613
0.06030579754170544
0.01994633833496304
-0.0219043187746288
-0.04142146779721711
-0.020629281912318456
0.030102774471597274
0.07724154515263841
0.10298037282030863
0.07695646320062308
0.036089495463919305
-0.00037906501311929134
-0.0306948677565522
0.007816257915145718
-0.004367079572630514
0.003474240492142926
-0.004708551361308222
-0.02138114640115011
-0.032233057189953625
-0.057254480824530316
-0.0474927735445327
-0.07996392115594968
-0.08985407195278937
-0.11430846445203886
-0.08583472970624349
-0.07917446344267644
-0.04796895438745941
-0.03987701282640876
-0.07786496612462798
-0.156989305268049
-0.20088252757230016
-0.17475210381669676
-0.13941134007290565
-0.07882046057918488
-0.04088889711762802
-0.04415010933793531
-0.12424247401072706
-0.2050115167234673
-0.22966953918844202
-0.2029313583043664
-0.12132586634780095
-0.08860096447140328
-0.08382035942991536
-0.14587737467685785
-0.21804696729858608
-0.2777481404805227
-0.3103007400782298
-0.25003253576096596
-0.19088586263954263
-0.1238696745350147
-0.12590910696097055
-0.14452715136566435
-0.21011479694141214
-0.29289507716177704
-0.3005703604852668
-0.27065868490458095
-0.20369262109930844
-0.17486175072131804
-0.2078936639306553
-0.23675272922697688
-0.2995741400375649
-0.31535702876562266
-0.3050972112617741
-0.24627008054810423
-0.19613951575525382
-0.17914111277025155
-0.18601127453695077
-0.22320977012189674
-0.27504142832072875
-0.29107807131376723
-0.27695554999854605
-0.2508031968620184
-0.27243496475944573
-0.30705519170143986
-0.33615548018792824
-0.3588116634513887
-0.3469134079156278
-0.3149842292899103
-0.2887472913983891
-0.2978166567949209
-0.31103694072354415
-0.3070677227762537
-0.32088636552723876
-0.3186057099111161
-0.33400013531994416
-0.30698000525255664
-0.2628956840573941
-0.20904965558223396
-0.17375588336899483
-0.2104061444308344
-0.2516396461058436
-0.2960905012393116
-0.2798408299744375
-0.21737342202734106
-0.1531955223681526
-0.13924843610032545
-0.1894573201107625
-0.23160559024718352
-0.2696969249126171
-0.2548068752650469
-0.1939873036559732
-0.11916738871111342
-0.12233461787031674
-0.16226175499598094
-0.20380853354133666
-0.23427784195123935
-0.22898346284238313
-0.17360237770252504
-0.09111031220287892
-0.03837954938615238
-0.047016592701605985
-0.08723821008539591
-0.12891656491629716
-0.14269134890543372
-0.16913191676268016
-0.12041736342379604
-0.08193129990172583
-0.06765214015133138
-0.03839834599837317
-0.044751600929000636
-0.05567869816668731
-0.10662065005373521
-0.06990773361782633
-0.07217585815913515
-0.04782797979580348
-0.02052276777640064
-0.002681650010166226
0.004799401653708713
-0.03685702379626828
-0.05400579967903688
-0.06472613418229486
-0.05407472059051312
-0.011744749869291101
-6.265537406930435e-06
0.037812518250825176
0.04257119391138884
0.05916233696494064
0.04025921060823151
0.026897952087952356
0.01754350473940522
0.05048456765634198
0.0693344369450922
0.09460334930724264
0.10735058516164261
0.11194009131221916
0.08691240214023553
0.03558825247136487
0.023376720065257452
0.025268912362150446
0.07815004807664332
0.1184750468276476
0.12455888364977705
0.12899175136518035
0.10845018697655891
0.10348161581286307
0.08376396959325298
0.0925983773370249
0.07989813301317691
0.09448430409651096
0.13224043251067377
0.14032297576561403
0.1550783163589352
0.13913252365829723
0.12206519976181873
0.0940488492467293
0.09634830147507277
0.09694979306613809
0.09951866340297956
0.12978120907845356
0.15879378004124495
0.17055419375405337
0.1363443595122132
0.10309001972492991
0.11474705207052399
0.11947753281275647
0.17332042851921317
0.1900337495522001
0.19567273321843748
0.16233067590745717
0.13825534842132697
0.1228515247063885
0.13156375447072527
0.1590945258367776
0.1845670681646533
0.18595801746899185
0.17461112922504082
0.14682033805660089
0.1511341605612725
0.15340855063998823
0.16749347873076786
0.18204205658966033
0.19550356370845037
0.19326989962287966
0.1710272418282766
0.15694544650620046
0.15548557629038567
0.14929209256363493
0.16215524086006314
0.1617260515476884
0.1769481746778259
0.1421963714502862
0.15197060980509772
0.15099631873832003
0.16828606921274455
0.15242799403580362
0.14520069663690938
0.14508165142617768
0.1450001994398876
0.1421086539265892
0.13967449264399673
0.13466519548715583
0.13388200331128955
0.14396325299904061
0.1430923432994773
0.15583018084776684
0.14342754955074805
0.15428885864566197
0.15283838673595757
0.16537572708722537
0.17868999407695255
0.1758830333186477
0.1517983075264071
0.12849364114132936
0.13201800593272772
0.1378480884898765
0.1294021440653343
0.14692058665511176
0.15932635072083404
0.15646926566327377
0.15190482166232494
0.16750914257428517
0.18278765554108506
0.1773272396909452
0.1753974541696106
0.17708601650077835
0.1693888037963643
0.1575813985530039
0.15909765860548108
0.14105917641092836
0.11875073047355254
0.11619752398022838
0.13801412523116016
0.142800995810055
0.14342128401334112
0.17182609784766026
0.16817328953941982
0.17427279020506659
0.14448329260381584
0.16968641682319352
0.16148482835752156
0.19026557443625652
0.20084806711656203
0.18658143844098143
0.18389665566211175
0.154645994277857
0.19037835410958126
0.19019038798737337
0.19317904933047916
0.20378347139170894
0.18856134826157145
0.1841692065393132
0.15719920077118116
0.16271913922668688
0.14782595681041322
0.14173272168217338
0.14321138851020895
0.1347591785482598
0.13421094402515338
0.13102491825372925
0.15638781367698365
0.13958364235159623
0.14810477322502164
0.13045162158099513
0.13313640435986482
0.13296410208117423
0.11844058637190948
0.12292671115527168
0.10748529421589162
0.12560209562803096
0.11595630079006156
0.1263101013550141
0.1161599307557868
0.10569335051750951
0.09178072470542048
0.08757654910537016
0.10004496854516172
0.11422074692834183
0.11660478391167886
0.10100046299971861
0.10090647993861465
0.07655233603787606
0.07334751365423114
0.06179072990714795
0.10469713006980758
0.10163328227781859
0.10033944880328745
0.07748590111150869
0.07448784146229248
0.08109798342660408
0.07387068602770983
0.06978242286968772
0.066875213512872
0.04313509227801258
0.040920224804662675
0.030193624763997767
0.07015522234540009
0.04132748473611315
0.05040938120745882
-0.0020519635007697173
0.01439193942371921
0.01793510082733837
0.04024041399601072
0.04946641782771578
0.022386765154962445
0.025729429361559832
-0.030121571083818067
-0.017032863440740387
-0.0025438081872137565
0.014272894212987532
0.024238231458710388
0.027327141400327094
0.006444105223027952
-0.011932715991499013
-0.04224538596622846
-0.046621863844969365
-0.06054702073187226
-0.034059461344073845
-0.04562877616597089
-0.04773086396599605
-0.07191270558804407
-0.06935323355731299
-0.08073771502570559
-0.07477292341430782
-0.08043070369276599
-0.06394294200642855
-0.06685328413194774
-0.05262738144951219
-0.05246134470822853
-0.06458202682193546
-0.05800634531336197
-0.06551872466427155
-0.05381470078812551
-0.05070072869688108
-0.040729125913751295
-0.019971400484590764
-0.015322371728648379
-0.03032206828083984
-0.04387442569203037
-0.047267214197883205
-0.0465466773960862
-0.04479232692214568
-0.01870262915968735
-0.012825555071986601
0.010908300625465888
0.01373092522728805
0.0021428137931702087
-0.04026547614563844
-0.052799683728202776
-0.04640883557313373
-0.014999696552191463
0.004175980681719135
0.01759989457606759
0.018260908772498752
0.010463447469573827
0.012130080419817323
-0.005175333898124539
0.06088222698314304
0.045215250697113483
0.08762354063592213
0.06523364271225622
0.06705064856026605
0.05201649155233647
0.012186470256479696
0.08147078290231645
0.08553398391071083
0.12840592361763234
0.07359500238180489
0.07722588130912107
0.09498867985776886
0.10197162129779283
0.1607423621748003
0.13614386231519143
0.17499645977556705
0.12579319451894236
0.13682993866125032
0.11837479822913671
0.13254744384361336
0.12547678487989236
0.18640600339358737
0.16483689087022935
0.13801412523116016
0.135326209683587
0.11829961178025354
0.15159781032938535
0.11830901008636394
0.18748994136498634
0.13074296907041738
0.17073589433885436
0.14136618774386794
0.12498807296215178
0.21799371023062716
0.19408128671707717
0.2184667583048504
0.17997756201407675
0.20902772620130972
0.13900721291015863
0.21133031119835666
0.2635598310225288
0.17028790841425884
0.19471410599517713
0.1849461331777726
0.2052997314441861
0.21014925739715026
0.25416779044954
0.21005214156734284
0.2575637117240963
0.27562725606827676
0.20667188413630386
0.22335074471355268
0.24829071636183928
0.19782807808642155
0.18680699778763094
0.2333223474966825
0.2518840020647139
0.26457484808245146
0.23508609627673338
0.18734583400462695
0.1905757185378996
0.17958909869484707
0.19465145062110784
0.18379953983230432
0.22424358379404027
0.14973381295082355
0.13837752640076212
0.168336193512
0.08231036491484513
0.11668936866667243
0.07433433579582269
0.18836398383325315
0.14710855277731968
0.1273752427141923
0.13327111341411382
0.09768599371145241
0.0706752619501753
0.058147319905017904
0.1034252259762007
0.10321533047306852
0.10135133309450672
0.0803492517064759
0.0733318498107138
0.046333649124250566
0.037890837468411806
0.0063751843115517175
0.06575994785443838
0.07567202803220233
0.09616033535286485
0.08709096995633304
0.08202841573153326
0.0394854167384756
0.026158618673934566
0.02953574333627007
0.02827323754877359
0.06692220504342397
0.053448166849820074
0.021324756564487735
-0.03916900709942561
-0.08155223488860654
-0.05470127433120616
-0.016497159992447837
0.047392524946021815
0.07086009530367976
0.042167066748641825
0.00763142456164127
-0.07955979399320266
-0.11405471018705818
-0.11098772962636573
-0.06863896229292292
-0.03013096938992846
-0.04960425965066825
-0.055675565397983844
-0.09377003283212089
-0.12827434733208679
-0.08307476047849063
-0.081016531440314
-0.07195029881248566
-0.07567202803220233
-0.07130181569086835
-0.06939395955045803
-0.09996038379016817
-0.07601663258958351
-0.09918658992041225
-0.09918972268911572
-0.08363552607641091
-0.08027093248888927
-0.09983507304202956
-0.11428966783981807
-0.09884825090043801
-0.11005103178402963
-0.11181478056408055
-0.12514471139732505
-0.11591244202821305
-0.11923630962258965
-0.11552711147768682
-0.10583432510916545
-0.07739818358781167
-0.07396153632011032
-0.0640745182919741
-0.07229177060116336
-0.07752975987335721
-0.08204407957505058
-0.06518038564429732
-0.03123370397354822
-0.05694746949159073
-0.0526179831434018
-0.051267759832208284
-0.07889251425936457
-0.0693782957069407
-0.028636638718375552
-0.010996018149162914
-0.020059118008287788
-0.04604856717223523
-0.07328172551145837
-0.11984719951976536
-0.1092427774585356
-0.06465094773341169
-0.03117418136818238
-0.045249711152851604
-0.0726207113150272
-0.09028012849646064
-0.09892030458061771
-0.0612644247649658
-0.01289134321475937
0.03474553769013273
0.008756088526185283
-0.03583260843023516
-0.06270863113726326
-0.07451603638062367
-0.07099480435792876
-0.04563190893467436
-0.012966529663642536
-0.017910038677710648
-0.058930512080884206
-0.07359500238180489
-0.07466327650968653
-0.08491682847612819
-0.07273662375705542
-0.0745223019180306
-0.05659659939680262
-0.07208500786673466
-0.055559652955955635
-0.060290133698188114
-0.07642702528973745
-0.08406471538878565
-0.09190290268485563
-0.1154487922601002
-0.11173332857779045
-0.09871980738359594
-0.08319380568922231
-0.1075761445082921
-0.12272934672695336
-0.11984093398235843
-0.11612860306875215
-0.12385714346020084
-0.09142045630452197
-0.07093214898385945
-0.06424055503325775
-0.05171887852550728
-0.05890858269995995
-0.06683135475102349
-0.07766133615890275
-0.05946621552917676
-0.06409644767289835
-0.061104653561089066
-0.03492097273752678
-0.04187571925921956
-0.038808738698527113
-0.08162742133748971
-0.10882611922097472
-0.15123127639107992
-0.13476544408566674
-0.11028912220549299
-0.06577247892925224
-0.05062240947929445
-0.049691977174365284
-0.08726640500372711
-0.11595630079006156
-0.1283276044000457
-0.1165828545307546
-0.10204994051537947
-0.08698445582041522
-0.0627399588242979
-0.0742779459591603
-0.1052986216608729
-0.14934848240029733
-0.16050427175333695
-0.1760741322095591
-0.15647239843197722
-0.11641681778947095
-0.08364805715122478
-0.06976362625746693
-0.07601663258958351
-0.10756361343347824
-0.11302089651491465
-0.12065232107655592
-0.10126048280210623
-0.08831274975068448
-0.0663896343638349
-0.06060967610594156
-0.09117296757694823
-0.1069464579988956
-0.1346401333375281
-0.13657618439626962
-0.14699577310399495
-0.1270494347690319
-0.12327444848135631
-0.12200254438774943
-0.11371637116708393
-0.09703437782113165
-0.10898275765614798
-0.10740070946089805
-0.11470945884608241
-0.10521090413717586
-0.0998131436611053
-0.08901762270896416
-0.07281494297464206
-0.06896163746937983
-0.07140206428937924
-0.08622319302547318
-0.1119369585435157
-0.12334650216153602
-0.1336595767333435
-0.10473159052554569
-0.09061220197902796
-0.05445691837233588
-0.07559997435202263
-0.06996099068578523
-0.047179496674186173
-0.06094801512591581
-0.0654873969772369
-0.07278674805631087
-0.06593225013312896
-0.1279234772372987
-0.1212945386607663
-0.09240101290870659
-0.05870808550293818
-0.040519230410619125
-0.008850071587289239
0.020550962694731827
0.03280008832528083
0.016628736277993376
0.06953493414211397
0.08221951462244463
0.12676435281701656
0.10156749413504582
0.10598156523822831
0.04968257886825488
0.039112617262763244
0.03212341028533234
0.07365139221846727
0.07643329082714438
0.06703498471674872
0.04157810623239037
0.02972057668977452
0.03171615035388186
0.03967338286068352
0.04051609764191566
0.0456820332339298
0.02891858790168742
0.011544252672269327
0.03036279427398489
0.043974674290541256
0.033179153338400116
0.0206794062115739
0.000993087678998474
-0.03370859124928574
-0.02476140383218908
-0.020331668885489262
0.010106311837378791
0.008746690220074887
0.02717050296515383
0.016437637387081996
-0.016816702400201288
-0.039059360194804334
-0.0682348351301759
-0.03498676088029955
-0.0034899043356602525
0.06675616830214032
0.08872000968213496
0.04267770804730666
-0.02603957346320289
-0.0668031598326923
-0.0924636682827759
-0.07785556781851759
-0.011772944787622287
0.052818480340423565
0.07433746856452615
0.05673130845105163
-0.009749176205183757
-0.06465408050211516
-0.11008549223976774
-0.07349475378329401
0.005635850897533926
-0.0044360004841067485
-0.04519332131618923
-0.10637316132616147
-0.15900054277567366
-0.2494341769386041
-0.211972528782567
-0.08772378923443303
0.010776724339920348
0.013286072071395988
-0.0070612606576106
-0.062122803389715264
-0.10681801448205352
-0.15651625719382573
-0.11537047304251356
-0.06693473611823784
-0.057530164470435255
-0.06771792829410414
-0.14551710627595935
-0.22534945114636348
-0.264706424367997
-0.198915148826524
-0.12188976471442468
-0.10132000540747206
-0.10725973486924212
-0.15703629679860096
-0.20417820024834554
-0.26321522646514756
-0.27368180670342485
-0.23053105058189496
-0.2323104632054632
-0.21758958306788015
-0.243992557700685
-0.25618529349457164
-0.28177374826447554
-0.2686004558664043
-0.2399481533045114
-0.20669694628593158
-0.18962335685204615
-0.19764637750162056
-0.2280154373130124
-0.24046506014058316
-0.22650544279794216
-0.2335792345303666
-0.2507781347123907
-0.29037633112419103
-0.30459596826921964
-0.3280384764772499
-0.31661013624700873
-0.2959808543346903
-0.27250388567092193
-0.27658275052283365
-0.3034211800054202
-0.3159209271322464
-0.32241202388582635
-0.319877614004723
-0.29669825836778385
-0.28732814717571936
-0.2821966720394433
-0.29349656875284236
-0.3044111349157152
-0.3123808984973307
-0.32626532939108854
-0.30484972253420034
-0.27904197395505387
-0.2333474096463102
-0.22463204711326995
-0.21587909135578814
-0.22406501597794276
-0.264712689905404
-0.27946803049872515
-0.2728829506840412
-0.23477595217509034
-0.2175300604625143
-0.17567313781551555
-0.19174110849558865
-0.2433002158172192
-0.2992827925481426
-0.3013034283618777
-0.24016118157634705
-0.17824514092106047
-0.12179578165332072
-0.12045808941694108
-0.1866096333593126
-0.242147356934344
-0.2871433138222149
-0.23688117274381895
-0.1739563805660166
-0.11324332309286068
-0.10840319544600692
-0.12915152256905707
-0.1832168448534598
-0.22051872180562013
-0.20312245719527777
-0.15169492615919278
-0.09942154757317215
-0.06195050111102468
-0.06499555229079287
-0.08662418741951673
-0.09752622250757569
-0.11934595652721093
-0.11765426142733972
-0.0898603374901963
-0.052267113048613686
-0.031208641823920497
-0.02706712159793948
-0.03485518459475401
-0.05306596906799732
-0.07476352510819742
-0.08191876882691197
-0.08516431720370193
-0.04784990917672773
-0.03238656285642342
-0.021471996693550603
-0.04826343464558514
-0.033592678807257526
-0.04645582710368571
-0.034228630854060964
-0.014163247308366248
0.010742263884182231
0.04172534636145323
0.03407512518759117
0.03944782351403402
0.035459808954522797
0.05039371736394149
0.07810618931479481
0.11217191619627558
0.15031964069837153
0.16146603174530078
0.13406996943349744
0.09070305227142844
0.06480132063117802
0.0682348351301759
0.07082563484794163
0.09226317108575412
0.09994158717794738
0.09776118016033558
0.07319087521905787
0.0528967995580102
0.059669845494902
0.07275228760057274
0.10882611922097472
0.12636022565426955
0.11995371365568318
0.08887978088601169
0.06796228425297443
0.0657317529361072
0.08730399822816869
0.11282979762400328
0.1305800650978372
0.13684246973606418
0.12180517995943112
0.12758827098602793
0.12235968001994446
0.14476837455583116
0.15847110486478802
0.1761461858897388
0.17242132390131865
0.15553256782093766
0.14208359177696148
0.14078662553372687
0.16190775213248937
0.17341441158031712
0.17149089159638947
0.15445802815564907
0.15009094858301858
0.14799199355169687
0.1862963564889661
0.18013733321795347
0.17950138117115003
0.13273540996582125
0.1068023506385362
0.09156769643358484
0.11258857443383645
0.15552630228353073
0.16139711083382455
0.17834538951957138
0.1694357953269163
0.14421387449531783
0.14043888820764225
0.14911352474753742
0.16816075846460596
0.16703296173135848
0.17835478782568176
0.15682953406417224
0.13055813571691294
0.123797620854835
0.13010075148620703
0.17218323347985529
0.1716162023445281
0.1935455832687846
0.18390605396822213
0.17283484937017604
0.1633926844979319
0.14649139734273703
0.1597900004889469
0.13935808300494673
0.15734644090024402
0.12660144884443636
0.1482708099663053
0.12239727324438605
0.12612526800150967
0.11657345622464421
0.1254548554989681
0.13688006296050576
0.13081815551930057
0.15959263606062857
0.1459368972822237
0.15625623739143812
0.154511285223608
0.1746330586059651
0.16850223025328365
0.1473497759674865
0.14034177237783482
0.15292297149095113
0.1799180394087109
0.198329321078976
0.18130898871304946
0.1736587675391874
0.1589410201703078
0.15114669163608635
0.13783242464635917
0.15757826578430045
0.1691820410619356
0.19106756322434362
0.16630929216085802
0.1446493293450995
0.1249504797377102
0.12618479060687549
0.14089000690094122
0.15283838673595757
0.1776749770170298
0.14309547606818074
0.13185510196014755
0.11788295354269267
0.12419861524887855
0.1399094502967566
0.14216817653195504
0.17015319936000983
0.17836731890049562
0.18945418734205904
0.19183195878798914
0.18985204896739913
0.20553782186564945
0.16359631446365713
0.1631827889947997
0.14913858689716514
0.1532957709666635
0.1664972582830659
0.16759686009798222
0.17245891712576022
0.16437010833341303
0.15575812716758716
0.13128493805611688
0.11804272474656939
0.11588737987858533
0.1081431756436193
0.12525435830194634
0.11525456060048535
0.11018574083827863
0.09432453289263423
0.09553064884346835
0.11690552970721152
0.09904248256005285
0.12723426812253635
0.09596297092454655
0.11499767356680121
0.09677122525004057
0.12231895402679942
0.10700598060426143
0.09201568235818038
0.08248266719353571
0.08238555136372828
0.1000293047016444
0.09296491127533033
0.113124277882129
0.0948946967966649
0.08703771288837414
0.09020180927887402
0.06679689429528538
0.08606655459029992
0.07634557330344735
0.0997849487427741
0.07982921210170067
0.05882713071366986
0.06524617378707008
0.05701952317177043
0.05873628042126936
0.047129372374930735
0.0667217078464022
0.036766173503867794
0.015532267231780549
0.02787224315473004
0.017960162976966093
0.01274723585439997
-0.0033771246623355046
-0.009962204477019392
0.016293530026722597
-0.009041170478200617
0.0015507205082152828
-0.01643450461837853
-0.015789154265464695
-0.020137437225874417
-0.01845827320081706
0.00833943028862441
0.020673140674166972
0.019968267715887295
-0.006149624964902222
-0.02561351691953162
-0.04607049655315949
-0.03074185928710418
-0.0070361985079828784
0.005645249203644322
-0.007521777657019987
-0.0393413093781162
-0.05392748046145025
-0.06811892268814769
-0.0665963970982636
-0.03807880359061972
-0.006008650373246287
-0.022706307562715897
-0.04102047340317356
-0.05631778298219422
-0.06174687114529944
-0.045099338255085275
-0.028138528494524584
0.012515410970343544
-0.00972098128685257
-0.016274733414501804
-0.03676304073516433
-0.021497058843178322
-0.018123066949546282
0.01693888037963643
0.02814792680063498
0.0008082543254940262
-0.0016196414196915174
-0.013354992982872222
-0.005050023149985931
-0.010319340109214427
-0.0085743879413843
0.0017386866304231958
-0.00647856567876607
-0.014288558056504858
-0.024444994193139093
-0.02207035551591246
-0.01718950187591365
-0.019185075540020993
0.014990298246081066
0.01807920818769777
0.04090142819244188
0.026449966163356833
0.05455090143343983
0.025676172293600922
0.05024961000358209
0.061768800526223695
0.07444711546914742
0.08593184553605092
0.05883966178848372
0.08863229215843793
0.07953786461227841
0.1079019524534525
0.09559956975494457
0.10234128800480173
0.11230662525052458
0.10305242650048833
0.10893889889429947
0.10866008247969107
0.112403741080332
0.1173848433188417
0.11470319330867548
0.13535753737062164
0.12299249929804444
0.12640408441611806
0.10296784174549477
0.09391414019248029
0.10804919258251536
0.162033062880628
0.178288999682909
0.14851829869387903
0.14233734604194215
0.10318713555473734
0.13472471809252168
0.10230682754906362
0.14231228389231443
0.16302615055962646
0.17391252180416808
0.18694170684187994
0.12700244323847992
0.19205751813463862
0.1752063552786992
0.18129019210082867
0.18235533346000685
0.2073892881693974
0.20632414681021924
0.20140569994577884
0.27036107187775177
0.17863360424029018
0.17875264945102184
0.18274066401053307
0.2145132042010773
0.23039947429634944
0.243137311844639
0.20598894055894845
0.1965561739928147
0.23151473995478306
0.19487387719905386
0.21406835104518523
0.2384538226329585
0.2132882916380224
0.17538492309479675
0.22601046534279465
0.2294283159982752
0.25679618339174737
0.2383003169664887
0.17440123372190866
0.19352052111915688
0.18337974882603997
0.19852355273859085
0.19074802081659017
0.23326909042872357
0.1933294222282455
0.14885037217644634
0.1976181825832894
0.14764112345690877
0.16226802053338787
0.12434272260923795
0.1315982149264634
0.1446211344267683
0.13584311651965877
0.15188602505010415
0.127312587340123
0.10120409296544386
0.058087797299652064
0.08644561960341922
0.0929586457379234
0.11470632607737895
0.104477836260565
0.08666491341266178
0.07417769736064943
0.03387776075927286
0.020695070055091226
0.027530771366052333
0.07084443146016244
0.07633304222863349
0.07011449635225503
0.06741404972986802
0.015594922605849854
0.007888311595325418
0.0032486811454934305
0.0067041250254155655
0.02582027965396032
0.012292984392397514
0.005773692720486396
0.001253107481386087
-0.017211431256837904
-0.02717676850256076
-0.042154535673827966
-0.048830465780912345
-0.03902489973906621
-0.04795642331264555
-0.032173534584587785
-0.05478585908619973
-0.08540554039386876
-0.10152363537319731
-0.10542706517771497
-0.06416223581567113
-0.062091475702680615
-0.055327828071899204
-0.0589399103869946
-0.11185550655722559
-0.09642348792395593
-0.11304909143324585
-0.09047436015607549
-0.07119530155495053
-0.03532823266897726
-0.03332952623616645
-0.07701598580598891
-0.06897416854419369
-0.1023976778414641
-0.0982091660849311
-0.0626334446883801
-0.03549740217896438
-0.03716716789791134
-0.0546166895762126
-0.04211380968068292
-0.06352941653757115
-0.06954433244822436
-0.057589687075801095
-0.036484224320555925
-0.04063201008394387
-0.06496422460375821
-0.04795329054394209
-0.056446226499036294
-0.06227004351877813
-0.0716119597925114
-0.05177840113087311
-0.05958526073990844
-0.06328192780999739
-0.038075670821916256
-0.019896214035707595
-0.044237826861632336
-0.05127089260091175
-0.036011176246332675
-0.044895708289360035
-0.04075732083208248
-0.020403722565668962
0.007236695705004652
-0.02030660673586154
-0.04943195737197767
-0.053103562292438906
-0.09070305227142844
-0.0774671044992879
-0.07401792615677269
-0.03779372163860439
-0.05701012486566003
-0.06919346235343626
-0.056931805648073396
-0.06670291123418141
-0.06750803279097198
-0.06777745089946999
-0.032652848196217964
-0.044435191289950646
-0.06044990490206484
-0.044585564187716975
-0.04600470841038672
-0.053247669652798306
-0.043081835210053675
-0.04222972212271113
-0.03803181206006774
-0.05933463924363122
-0.04344523637965564
-0.03957626703087609
-0.05516179133061555
-0.07214766324080396
-0.09328132091438032
-0.12105644823930294
-0.12095933240949551
-0.10528295781735557
-0.08806839379181419
-0.09163035180765415
-0.0829525824990555
-0.08626705178732169
-0.1049195566477536
-0.1054959860891912
-0.10406117802300413
-0.08457848945615394
-0.08960031768780868
-0.08708157165022265
-0.1005242821567919
-0.11786728969917534
-0.14602461480592072
-0.13349353999205985
-0.11399205481298887
-0.09396426449173574
-0.05633344682571154
-0.049262787861990544
-0.05949127767880448
-0.08418062783081386
-0.0724954005668886
-0.06803747070185759
-0.04810366344170842
-0.038598843195394944
-0.03842027537929743
-0.07873274305548784
-0.09249499596981055
-0.09734452192277471
-0.08657719588896476
-0.08671503771191723
-0.07135193999012379
-0.08506093583648759
-0.09258271349350758
-0.09951866340297956
-0.09673989756300592
-0.09622299072693416
-0.10920205146539055
-0.11855023327653076
-0.13383501178073756
-0.13378488748148212
-0.1404075605206076
-0.14228095620527978
-0.15254703924653532
-0.16456433999302789
-0.18263728264331872
-0.1698931795576222
-0.17353658955975226
-0.1466292391656895
-0.1312818052874134
-0.129157788106464
-0.14892555862532952
-0.15924176596584047
-0.15579258762332526
-0.1509712565886923
-0.1335969213592742
-0.1354170599759875
-0.1341106954266425
-0.16323291329405515
-0.1695611060750549
-0.16255623525410667
-0.15851809639534
-0.1530075562459447
-0.15248125110376254
-0.14872506142830774
-0.15315166360630408
-0.14717434092009246
-0.14212118500140306
-0.13309567836671976
-0.1442702643319802
-0.14722759798805138
-0.14745315733470085
-0.14599015435018262
-0.1347059214803009
-0.11197455176795727
-0.09094740823029873
-0.08216312478578226
-0.09326252430215953
-0.1174568969990214
-0.13728732289195622
-0.14093386566278973
-0.11871940278651788
-0.06600743658201214
-0.05673444121975509
-0.002409099132964752
-0.03511207162843816
-0.06589778967739085
-0.12292044561786473
-0.11123208558523602
-0.10844392143915198
-0.1362723058320335
-0.0869593936707875
-0.09346928703658823
-0.041089394314649794
-0.057674271830794654
-0.015049820851446905
0.027436788304948376
0.004542514620024566
0.03505881456047925
0.03667219044276384
0.07919326005489724
0.10037390925902558
0.09724114055556035
0.08054348336609074
-0.0393413093781162
-0.034053195806666915
-0.042417688244919045
-0.023097903650649048
0.04342017423002791
0.03059148638933785
0.08823443053309785
-0.009285526437070904
0.040497301029694864
0.06747043956653039
0.06790902718501553
0.10089708163250426
0.03536269312471538
0.0812671529365912
0.005899003468625005
0.0029729974995884915
0.0010212825973296609
-0.046668855375521345
-0.06030579754170544
-0.1296245706432803
-0.05044384166319693
-0.08864482323325179
-0.06302817354501672
-0.020203225368647187
0.04206681815013094
0.04290640016265962
0.015381894334014217
0.0242914885266693
0.0009398306110395653
0.02037239487863431
0.024278957451855435
0.08520191042814353
0.09661145404616385
0.05321007642835672
-0.022346039161817398
-0.08055914720960806
-0.08023647203315115
-0.05876447533960055
0.02498383041013511
0.09965650522593203
0.09496675047684461
0.09807132426197863
0.03299431998489567
0.011133859972115382
-0.009821229885363457
0.021929380924256524
0.014667623069624148
-0.016791640250573565
-0.07444711546914742
-0.11918931809203767
-0.13541392720728404
-0.1396400321882586
-0.15145996850643287
-0.13899781460404823
-0.1522212313013749
-0.1275444122241794
-0.09686207554244106
-0.059062088366429746
-0.06046870151428563
-0.08778644460850232
-0.10207813543371065
-0.12453068873144586
-0.07308436108314006
-0.06158083440401578
-0.04710431022530301
-0.0869687919768979
-0.1243019966160929
-0.1757201293460675
-0.20683165534018058
-0.17532226772072743
-0.12422367739850627
-0.11892929828965006
-0.13999716782045366
-0.1924553797599787
-0.2509441714536743
-0.28686136463890305
-0.28433008752650313
-0.2412106590920079
-0.21310032551581448
-0.19418466808429152
-0.18535965864662998
-0.2068379208775875
-0.22145228687925275
-0.22760817738156192
-0.22631434390703078
-0.21541230881897183
-0.20893687590890922
-0.19834811769119678
-0.18386219520637362
-0.19952290595499625
-0.22797157855116387
-0.2576576947852003
-0.2801353102325632
-0.2919458482446271
-0.27052397585033194
-0.23929653741419066
-0.23779594120523082
-0.23781160504874813
-0.2149204641325278
-0.2387890288842293
-0.2740483406417303
-0.299567874500158
-0.27799562920809645
-0.25077186917498373
-0.21801877238025488
-0.2138741193855704
-0.251783753466203
-0.3010684707091178
-0.3305666208209463
-0.32674151023401526
-0.3099811976704763
-0.3098621524597447
-0.30902570321591943
-0.3153914892213608
-0.28270731333810817
-0.2410132946636896
-0.1754507112375695
-0.1832513053091979
-0.24454705776119834
-0.31921973257699526
-0.3392663195104692
-0.30287607825101726
-0.23785233104189318
-0.1891973003083749
-0.1973738266244191
-0.24756078125393188
-0.271460673692668
-0.2798345644370306
-0.24627634608551116
-0.16924782920470838
-0.11049901770862515
-0.08734472422131373
-0.09137973031137693
-0.12834326824356304
-0.2130815289035937
-0.23026476524210043
-0.1982228069430582
-0.11006043009014002
-0.07480738387004593
-0.09099126699214724
-0.1267956805040512
-0.1835050595741786
-0.18082340956401236
-0.14178597875013227
-0.06589465690868739
-0.05207601415770231
-0.055907390282040274
-0.1120340743733231
-0.16515330050927934
-0.15292297149095113
-0.1075228874403332
-0.06883945948994469
-0.046274126518884726
-0.04408432119516254
-0.0604530376707683
-0.06621419931644083
-0.03439153482664116
-0.0023558420650058435
0.024344745594628205
0.01260312849404057
-0.0035400286349156957
-0.017289750474424537
-0.027530771366052333
0.005416557088291361
0.012462153902384636
0.007932170357173932
-0.027884774229543902
-0.028733754548182975
-0.028216847712111214
-0.0020644945755835782
0.003536895866212231
0.01637498201301269
-0.008311235370293222
0.03335458838579417
0.05586979705759869
0.11597509740228236
0.09769225924885934
0.11617559459930413
0.10833114176582723
0.13206186469457626
0.1170966285981229
0.11324958863026761
0.10414263000929423
0.08274581976462679
0.07677789538452555
0.05505527719469774
0.06231076951192318
0.0794125538641398
0.12366604456928947
0.15194554765546997
0.14988105307988642
0.153070211620014
0.132262361891598
0.13220910482363912
0.1220683325305222
0.12189916302053508
0.14823948227927064
0.13303615576135394
0.1352729526156281
0.10751662190292627
0.1017585930259572
0.06383329510180727
0.07786809889333145
0.10172726533892254
0.12000070518623517
0.1553853276918748
0.15319865513685607
0.17785354483312732
0.14712108385213354
0.13925470163773238
0.1590506670749291
0.1690755269260178
0.19497099302886128
0.2218282191236686
0.23902085376828572
0.2302021098680311
0.20302534136547035
0.1452257587865371
0.13033570913896692
0.12585271712430818
0.14959597112787107
0.19033762811643623
0.19515582638236573
0.1853941191023681
0.14518816556209552
0.12030145098176782
0.12789528231896752
0.14011308026248184
0.17407855854545173
0.1688781624976995
0.1649872637679957
0.1622210290028359
0.1857105287414181
0.15390039532643227
0.17199840012635084
0.18991470434146843
0.18974866760018477
0.19336074991528016
0.1737496178315879
0.18377134491397312
0.1617260515476884
0.16897841109621037
0.1662121763310506
0.17417567437525916
0.14691118834900138
0.14344321339426538
0.1326445596734208
0.1464945301114405
0.15359025122478923
0.1624121278937473
0.14624704138386674
0.13419841295033952
0.12064292277044553
0.12296743714841672
0.11500080633550468
0.1263758894977869
0.14315499867354659
0.13333376878818312
0.11997564303660743
0.10733805408682875
0.12174879012276875
0.14606534079906577
0.16305434547795764
0.19520595068162117
0.18107716382899305
0.17988671172167625
0.1641664783676878
0.17571073103995713
0.1700654818363128
0.17286617705721072
0.1856823338230869
0.19327929792899007
0.18752753458942792
0.17513116882981605
0.16145976620789385
0.15808890708296527
0.14214624715103077
0.1411186990162942
0.14815489752427707
0.15228388667544424
0.16763758609112725
0.17536299371387248
0.182342802385193
0.17596761807364128
0.18204205658966033
0.1856384750612384
0.18624623218971065
0.2060672597765351
0.19247730914090297
0.1780979007919976
0.14030104638468976
0.13686126634828497
0.14613112894183855
0.11462800685979231
0.14985285816155522
0.12853749990317787
0.1648776168633744
0.13940194176679524
0.16120601194291317
0.15605887296311982
0.15085847691536755
0.1563032289219901
0.12406703896333302
0.12128200758595244
0.09599116584287773
0.11200587945499192
0.11353780335098641
0.1309779267231773
0.11800199875342435
0.11712169074775063
0.10194969191686858
0.07771459322686165
0.07324413228701679
0.07066273087536144
0.09587525340084951
0.07544646868555284
0.08938102387856613
0.06160902932234697
0.030481839484716566
0.029729974995884915
0.0460423016348283
0.07116084109921242
0.06612021625533689
0.06693473611823784
0.05906522113513321
0.06934383525120259
0.0685418464631155
0.05406218951569926
0.06362653236737857
0.06965711212154911
0.06495482629764782
0.043968408753134326
0.05961658842694309
0.038921518371851864
0.05870808550293818
0.049717039323993004
0.06697232934267942
0.028583381650416646
0.01899710941781308
0.011256037951550526
-0.009385775035581792
0.010554297761974318
-0.022552801896246102
-0.0028978110507053264
-0.04313509227801258
-0.00833943028862441
-0.043567414359090784
-0.005479212462360665
-0.015175131599585515
-0.027844048236398855
-0.003298805444748874
-0.017828586691420553
0.015435151401973128
-0.023179355636939146
-0.012101885501486135
-0.03586393611726981
-0.054691876025095766
-0.024670553539788587
-0.024999494253652436
-0.0018044747731959653
-0.029297652914806713
-0.049500878283453904
-0.0527432938915404
-0.07996705392465314
-0.05810032837446592
-0.06352941653757115
-0.055919921356854134
-0.05737665880396546
-0.0738926154086341
-0.0684415978646046
-0.07482931325097018
-0.05897437084273272
-0.05247387578304239
-0.0305601587023032
-0.038501727365587525
-0.018260908772498752
-0.03057268977711706
-0.01807920818769777
-0.031922913088310564
-0.018840470982639818
-0.02169442327149663
-0.008768619600999145
0.02048830732066252
0.011497261141717348
0.007800594071628392
-0.000632819278099974
0.003743658600640935
0.0036402772334265827
-0.006281201250447762
0.019673787457761566
0.015002829320894927
0.016923216536119105
0.04471400770455905
0.010266083041255519
0.04139014011018245
0.031850859408130865
0.05701012486566003
0.05201962432103994
0.06018988509967722
0.05134921181849838
0.053037774149666136
0.06792782379723632
0.048476462917420776
0.06271489667467019
0.06354508038108847
