-0.0682442334362863
-0.04782484702710001
-0.01719576741332058
0.04577914906373722
0.19670028135317408
0.13027931930230455
0.16477736826486353
0.16979919649651826
0.2131097238219249
0.2713572923254537
0.23817813898705356
0.2757713634286362
0.17650958705934075
0.1917285774207748
0.20933787030295276
0.22664015185219116
0.26814620440440184
0.23376406788387108
0.2762851374960045
0.2400922606648708
0.27215301557613386
0.285742966211766
0.3120488250147634
0.29720263412904174
0.24810275023963138
0.24556520758982456
0.22613577609093327
0.22696595979735154
0.2092000284800003
0.18560714737420375
0.15612466110589257
0.11571194483119128
0.10785182815419704
0.10465327130795905
0.12276067441398801
0.1675436030300233
0.20264001081494412
0.22981364654880143
0.18333902283289494
0.1834142092817781
0.1707139649579301
0.19020605183089068
0.1906007806875273
0.20669381351722813
0.19936626751982298
0.18676940456318933
0.16045101468537804
0.16035076608686716
0.1367954782055122
0.11434605767648044
0.10430553398187442
0.11160801782965184
0.1408931396696447
0.1612310740925409
0.20174403896575308
0.1633206308177522
0.13457434519475536
0.10930543283260491
0.1115046364624375
0.11253845013458101
0.1405955266428155
0.14061119048633283
0.13495341020787463
0.14020393055488234
0.14019139948006848
0.12765405912880068
0.11416435709167946
0.12510398540418
0.154599002747305
0.1754977027681215
0.1692728913543361
0.12464346840477061
0.07801220625369085
0.044040462433314026
0.05475453139916507
0.07872021198067398
0.08813418193458697
0.10780796939234853
0.07674970046619436
0.035970450253187625
0.01289134321475937
0.0010651413591781739
-0.006459769066545279
-0.023859166445591096
-0.001785678160975174
0.003095175479023635
-0.002565737568138013
-0.03172241589128879
-0.06587899306517006
-0.0854650629992346
-0.06258332038912465
-0.0014285425287801391
0.05883966178848372
0.07579420601163747
0.06354821314979194
0.03555692478433022
-0.004561311232245357
-0.03159083960574326
-0.029598398710339376
-0.003157830853092939
0.0019109889091137827
0.034288153459426804
0.040657072233571595
0.025018290865873226
-0.011512924985234674
-0.053166217666508205
-0.055243243316905645
-0.03721729219716678
0.06559077834445126
0.1105209470895494
0.12012914870307723
0.06550932635816116
0.0004417203871885957
-0.023054044888800536
-0.02623380512281773
0.021340420408005063
0.05955080028417032
0.08282727175091689
0.07079117439220352
0.04377730986222295
0.04280301879544527
0.02568557059971132
0.03569163383857922
0.0615432411795742
0.09236655245296847
0.08289305989368966
0.0950482024631347
0.07197536096211338
0.04760555321785745
0.036484224320555925
0.028480000283202293
0.03563837677062032
0.05416243811421015
0.0948852984905545
0.11302089651491465
0.11766992527085704
0.1119369585435157
0.09090668223715369
0.07653667219435872
0.07584746307959639
0.0939767955665496
0.12980000569067435
0.14766931837523997
0.1235188044402266
0.1078831558412317
0.10372283900302989
0.09535208102737083
0.08864482323325179
0.10589698048323475
0.09293671635699914
0.08637669869194298
0.09151130659692247
0.09416789445746097
0.09711582980742174
0.11117256297987017
0.13217777713660445
0.16339581726663535
0.17528780726498933
0.19064150668067234
0.1794324602596738
0.17759352503073972
0.1615913424934394
0.14777583251115778
0.15768791268892174
0.1470427646345469
0.15186409566917988
0.12920477963701596
0.11214058850924093
0.09513591998683173
0.10142025400598295
0.12075570244377028
0.13261949752379307
0.15443923154342828
0.1568545962138
0.16110576334440227
0.14460860335195444
0.12922357624923675
0.12860955358335757
0.1447558434810173
0.17452967723875074
0.18654384521653986
0.18322624315957017
0.14846190885721666
0.11666743928574817
0.09781130445959102
0.10098793192490475
0.11923944239129311
0.12527315491416713
0.12335276769894295
0.16001869260429985
0.19036895580347088
0.19318218209918264
0.12779190095175316
0.11343442198377206
0.0926077756431353
0.09018301266665321
0.1103329809673415
0.13438324630384396
0.12535460690045722
0.07463508159135535
0.03980495914622906
0.04775592611562378
0.0760354292018043
0.1268771324903413
0.13851223545501112
0.1330643506796851
0.10288952252790814
0.06655253833641508
0.0679027616476086
0.09784263214662567
0.1365949810084904
0.1560964661875614
0.14638175043811574
0.11115376636764938
0.050656869935032565
0.03612082315095396
0.027790791168439945
0.03963578963624193
0.07794641811091808
0.08137679984121249
0.0647323997197018
0.021691290502793167
0.0052599186531181
0.012424560677943054
0.020253349667902633
0.03073559374969725
0.009893283565543157
0.010331871184028287
-0.004511186932989913
0.004354548497816652
-0.01194211429760941
-0.02979889590736115
-0.02361481048672081
-0.019097358016323965
-0.006744851018560614
-0.002431028513889009
0.020475776245848662
0.013195221778995497
0.0007142712643900696
-0.02959526594163591
-0.015939527163231028
-0.02156284698595109
-0.018091739262511633
0.006306263400075483
0.024313417907593553
0.04177233789200521
0.03155324638130167
0.0291817404727785
0.009821229885363457
-0.012728439242179179
-0.032574528978631334
-0.05868928889071739
-0.017029730672036923
0.02422570038389653
0.08560290482218708
0.07406805045602814
0.03950734611939986
-0.04132435196740968
-0.08653020435841277
-0.06787769949798086
-0.04477353030992489
0.034441659125896605
0.0331540911887724
0.03573235983172427
-0.005566929986057691
-0.006785577011705661
0.00352436479139837
0.027540169672162728
0.05863916459146194
0.03315722395747586
0.024112920710571778
0.014504719097043957
0.042207792741786876
0.032286314257912535
0.04264324759156854
0.053319723332978006
0.05917173527105103
0.06904935499307686
0.06971036918950801
0.09275501577219816
0.07730733329541117
0.07895830240213735
0.07079117439220352
0.09374497068249317
0.08548699238015886
0.09224124170482986
0.08202215019412633
0.07558431050850531
0.08291498927461391
0.11141065340133353
0.12329951063098403
0.10522656798069319
0.08960345045651215
0.09926490913799889
0.10919265315928016
0.10314014402418535
0.12053327586582424
0.1291483898003536
0.11297703775306614
0.09232269369111996
0.10507932785163032
0.13367524057686084
0.1336877716516747
0.1348656926841776
0.10412383339707344
0.08406784815748912
0.07153990611233171
0.06823796789887937
0.10098166638749782
0.1241766858679543
0.1766944204128452
0.14911979028494435
0.14387553547534357
0.1103329809673415
0.09943721141668947
0.09740404452814054
0.13054873741080256
0.1475596714706187
0.13927663101865664
0.10814944118102623
0.06936889740083031
0.06739838588635069
0.07750783049243294
0.07840693511032747
0.09051508614922053
0.08790862258793747
0.0696665104276595
0.08448763916375346
0.07346342609625935
0.0745849572920999
0.05284040972134783
0.05169694914458302
0.02814166126322805
0.029833356363099268
0.05694746949159073
0.08010176297890215
0.07105745973199806
0.04928785001161827
0.02193877923036692
0.01678224194446317
0.022023363985360478
0.03711391082995243
0.05771186505523624
0.033843300303534746
0.025281443436964306
0.008242314458816987
0.0131858234728851
0.0035901529341711394
-0.0022054691672395133
0.014683286913141474
0.008455342730652623
0.018809143295605166
0.028774480541328022
0.0369008825581168
0.02170068880890356
0.0056264525914235305
-0.013608747247852906
-0.014874385804052852
0.006343856624517066
0.01042898701383571
0.019936940028852646
-0.0005701639040306696
-0.003051316717175122
-0.01201416797778911
-0.012800492922358879
0.00020049719702177392
-0.0030325201049543307
-0.009529882395941191
-0.041076863239835934
-0.05140246888645729
-0.03725801819031183
-0.015052953620150371
0.008076277717533331
-0.005516805686802248
-0.01755603581421908
-0.040920224804662675
-0.03286274369935013
-0.002957333656071165
0.02049770562677292
0.020541564388621432
0.0068357013109611045
-0.012750368623103435
-0.029946136036424015
-0.033436040372084266
-0.005873941318997283
0.00021616104053910002
-0.0028727489010776045
-0.017606160113474524
-0.044861247833621914
-0.03821037987616526
-0.040992278484842375
-0.009749176205183757
-0.01624340572746715
-0.020184428756426398
-0.036490489857962854
-0.04828849679521286
-0.027411726155320653
-0.015125007300330071
0.010262950272552052
0.015359964953089961
0.007596964105903153
-0.0038501727365587526
-0.006716656100229427
0.0038345088930414263
0.010902035088058957
0.025788951966925672
0.03536269312471538
0.01681043686279436
0.011046142448418356
0.008445944424542226
0.013602481710445974
0.0019611132083692264
0.013768518451729632
0.017393131841638886
0.026728782577965238
0.018837338213936353
0.01627786618320527
0.013423913894348457
0.01619954696561864
0.031406006252238806
0.03826676971282763
0.05936596693066587
0.04820077927151584
0.047286010810103994
0.04414697656923185
0.042865674169514575
0.030823311273394275
0.04581360951947534
0.047549163381195074
0.05514926025580169
0.05403712736607154
0.04557551909801198
0.04535622528876942
0.04192584355847501
0.04901843190312026
0.04654041185867927
0.04737999387120795
0.04350475898502148
0.05104846602296572
0.042417688244919045
0.03778432333249399
0.04548780157431496
0.02750570921642461
0.02479899705663066
0.016149422666363197
0.02193877923036692
0.028558319500788923
0.03374618447372733
0.020093578464025905
0.017540371970701754
0.01827657261601608
0.03349869574615357
0.03499302641770648
0.03756502952325142
0.01833609522138192
0.01425409760076674
0.009395173341692188
0.019999595402921948
0.04420649917459769
0.023592881105796555
0.026415505707618716
0.008408351200100644
0.032258119339581344
0.01230864823591484
0.045027284574905575
0.06076318177241136
0.04112072200168444
0.040393919662480515
-0.01504042254533651
0.007089455575941787
-0.010200294898482749
0.02506841516512867
0.042242253197525
0.014059865941151897
0.018452007663410132
-0.03157204299352246
-0.022386765154962445
-0.05547193543225861
-0.03034086489306063
-0.017393131841638886
-0.011212179189702014
-0.004226104980974578
-0.03686328933367521
-0.018207651704539845
-0.037023060537551944
-0.014965236096453345
-0.03032833381824677
-0.031114658762816542
-0.02926005969036513
-0.03925359185441918
-0.014166380077069714
-0.02412545178538564
-0.020958222626182306
-0.052943791088562175
-0.05610788747906205
-0.04672524521218372
-0.03476433430235352
-0.013969015648751405
-0.010607554829933226
-0.027696808107335987
-0.030228085219735884
-0.06007710542635248
-0.050873030975571665
-0.05430967824327301
-0.042286111959373505
-0.048529719985379687
-0.06218545876378457
-0.07774278814519284
-0.0815741642695308
-0.06582573599721116
-0.07466014374098306
-0.07220092030876286
-0.08601016475363756
-0.050453239969307326
-0.06793408933464325
-0.062141600001936054
-0.05253966392581516
-0.06294045602131969
-0.04678476781754956
-0.07825029667515421
-0.05185045481105282
-0.05420629687605866
-0.042517936843429936
-0.041950905708102726
-0.0717028100849119
-0.021337287639301598
-0.04602350502260751
-0.04001798741806469
-0.04476726477251796
-0.025391090341585588
-0.053777107563683924
-0.06532449300465672
-0.02179467187000752
-0.06708824178470764
-0.04628039205629166
-0.0798354776391076
-0.06754249324671009
-0.06158709994142271
-0.04938496584142569
-0.049560400888819744
-0.04612688638982186
0.004680356442977035
-0.05034672583338951
-0.06779311474298731
-0.0805466161347942
-0.09351941133584367
-0.09936515773650977
-0.05222012151806171
-0.030961153096346745
-0.07342896564052123
-0.1126105038147607
-0.17634041754935365
-0.14340248740112033
-0.1386688738901844
-0.09257644795610065
-0.08086615854254767
-0.07356054192606677
-0.10056814091864041
-0.1561779181738515
-0.13890383154294428
-0.175676270584219
-0.1799368360209317
-0.19785314023604927
-0.18910018447856747
-0.16137518145290028
-0.19875537762264725
-0.2107946077500641
-0.2492086175919546
-0.26867564231528746
-0.27538290010940647
-0.26482860234743216
-0.2203307556834122
-0.2168001253546069
-0.2214052953487008
-0.26064009059089915
-0.27402327849210256
-0.29050790740973653
-0.29853719359671793
-0.2640422774028624
-0.2404619273718797
-0.2148014189217961
-0.21636780327352872
-0.2249797844393546
-0.23873890458497385
-0.25892646611010367
-0.2623599806091016
-0.2569402907521067
-0.21935333184793107
-0.2157130546145045
-0.2121824242856992
-0.20672200843555932
-0.2247824200110363
-0.2561884262632751
-0.27533277581015103
-0.2482531231373977
-0.22096044219280872
-0.22272732374156312
-0.20947571212590524
-0.2111548761509626
-0.2246633748003046
-0.23913050067290698
-0.2108384665119126
-0.18866786239748926
-0.18858954317990262
-0.17893435003582284
-0.19714513450906615
-0.19217029780796338
-0.19345160020768065
-0.16646593059603126
-0.15958637052322164
-0.14892869139403297
-0.15083654753444328
-0.1577787629813222
-0.1480170557013246
-0.14102158318648678
-0.13827414503354776
-0.1309309351926253
-0.13556743287375383
-0.14478717116805195
-0.15775683360039797
-0.15191108719973187
-0.1525125787907972
-0.16457373829913827
-0.1637623512049408
-0.1671676707856075
-0.1698054620339252
-0.1587185935923618
-0.153339629728512
-0.1432082557415055
-0.13945519883475416
-0.13874719310777103
-0.13837752640076212
-0.14110303517277686
-0.1205458069406381
-0.10159255628467354
-0.09608828167268516
-0.11298956882788
-0.11122268727912563
-0.12093740302857126
-0.11349707735784137
-0.1005430787690127
-0.058260099578342654
-0.0206794062115739
-0.005648381972347787
-0.01150352667912428
-0.03387149522186593
-0.048921316073312834
-0.057840308572078315
-0.03421296701054364
-0.01604290853044538
-0.01787557822197253
-0.050710127002991476
-0.09207833773224967
-0.12784829078841553
-0.1459556938944445
-0.13934555193013287
-0.11230349248182112
-0.0940488492467293
-0.09119176418916902
-0.10236008461702252
-0.11797380383509316
-0.13982486554176304
-0.15128140069033535
-0.12501940064918643
-0.0918590439230071
-0.07023354156298671
-0.05005224557526378
-0.036741111354240075
-0.032489944223637775
-0.030522565477861616
-0.01998079879070116
-0.014348080661870696
-0.01829536922823687
-0.010347535027545613
-0.003643410002130048
-0.02009671123272937
-0.048930714379423236
-0.07627038685456419
-0.09365098762138921
-0.11893556382705699
-0.0970657055081663
-0.0768374179898914
-0.06085089929610839
-0.0735668074634737
-0.05674383952586549
-0.05589172643852295
-0.0730530333961054
-0.07366705606198459
-0.06619540270422004
-0.05107979371000037
-0.06079764222814948
-0.05234543226620032
-0.062398487035620204
-0.08742617620760383
-0.10887937628893364
-0.10995704872292567
-0.08894870179748793
-0.08587858846809202
-0.060218080018008414
-0.0544725822158532
-0.053238271346687904
-0.06561270772537552
-0.07367018883068806
-0.10173666364503293
-0.12232835233290981
-0.12280766594454
-0.11608474430690363
-0.11415495878556907
-0.1206272589269282
-0.1265105985520359
-0.15085221137796062
-0.15471178242062977
-0.1460904029486935
-0.12686773418423092
-0.11328404908600573
-0.11144824662577511
-0.10589698048323475
-0.112134322971834
-0.12729379072790217
-0.12543919165545078
-0.13316773204689947
-0.10836246945286188
-0.11545192502880366
-0.10541140133419764
-0.1063418336391268
-0.11809911458323177
-0.11181164779537708
-0.10466266961406945
-0.07646461851417903
-0.06668098185325716
-0.06759261754596553
-0.05403086182866461
-0.07135820552753072
-0.07980414995207295
-0.07783363843759333
-0.08809345594144191
-0.0990205531791286
-0.11691492801332191
-0.1004616267827226
-0.11106604884395235
-0.10107251667989832
-0.10979101198164201
-0.199858112206267
-0.18408462178431964
-0.16915071337490095
-0.09091921331196755
-0.07664631909898001
-0.06993906130486098
-0.11123835112264295
-0.1658049163996001
-0.16899720770843116
-0.12686773418423092
-0.0660920213370057
-0.022020231216657013
-0.011193382577481223
-0.036327585885382666
-0.07577227663071322
-0.11179598395185976
-0.07151171119400052
-0.04602350502260751
-0.017900640371600253
-0.004269963742823091
-0.019128685703358617
-0.054290881631052224
-0.0952737618097842
-0.07844766110347251
-0.05746124355895902
-0.03916900709942561
-0.017114315427030482
-0.04169401867441858
-0.05990480314766189
-0.08962224706873294
-0.09459395100113224
-0.08518311381592274
-0.06276502097392564
-0.04000858911195429
-0.06022121278671188
-0.06054388796316879
-0.08081603424329221
-0.06942528723749268
-0.07914940129304872
-0.07731986437022503
-0.06026507154856039
-0.0642812810264028
-0.08230096660873473
-0.08637356592323951
-0.061242495384041536
-0.016077368986183498
-0.0034523111112186697
0.03230824363883679
-0.02207035551591246
0.02117125089801794
0.025933059327285072
0.03605503500818119
0.0024968166566617786
0.013004122888084118
0.05280908203431317
-0.07734179375114929
-0.036208540674650985
-0.04257119391138884
0.05662479431513381
0.08155850042601348
0.13539199782635977
0.21260848082937045
0.17417567437525916
0.16557622428424715
0.18077641803346037
0.22159639423961217
0.28720283642758077
0.2287610362644371
0.23808728869465307
0.08449077193245692
0.09979121428018103
0.10594397201378673
0.21432523807886938
0.2709061736321547
0.2820525646790839
0.2838288445339487
0.2538012565112346
0.2597002599798596
0.2820713612913047
0.33757775717930144
0.3306449400385329
0.2866044776052189
0.22289336048284678
0.21028396645139927
0.1708768689305103
0.15188602505010415
0.1076575964945822
0.10010762391923103
0.0850327409181564
0.10264516656903785
0.1277511749586081
0.14630969675793606
0.17419760375618343
0.1662466367867887
0.1684364421105109
0.1968161937952023
0.23342572886389681
0.23360429667999436
0.20305353628380154
0.1792162992191347
0.17346766864827604
0.18676940456318933
0.1924021226920198
0.20109555584413577
0.18952310825353527
0.1625186420296651
0.11966863170366784
0.08655839927674396
0.09557764037402032
0.1324002037145505
0.1864937209172844
0.2033542820793342
0.19168471865892628
0.1587624523542103
0.11470319330867548
0.10851910788803514
0.08381096112380497
0.10733492131812529
0.12081522504913611
0.14822695120445678
0.14658224763513752
0.11102219008210384
0.06287466787854691
0.03266537927103182
0.07971956519707939
0.15210531885934672
0.18787840468421602
0.18734583400462695
0.12771671450286998
0.06588839137128046
-0.009611334382231287
0.003981749022104291
0.047107442994006474
0.09550871946254409
0.08440931994616682
0.046411968341837195
0.015908199476196375
0.008120136479381843
-0.006303130631372018
0.0013282939302692522
0.005190997741641865
0.024056530873909406
0.018445742126003202
-0.010501040694015409
-0.042831213713776455
-0.049278451705507875
-0.04353608667205613
-0.028263839242663194
0.001857731841154874
0.02280968892993025
0.03531256882545993
0.03575742198135199
0.05118004230851126
0.04107373047113247
0.02193251369295999
-0.0005513672918098783
-0.02570436721193211
-0.022493279290880262
-0.0010745396652885697
0.010660811897892135
0.007929037588470465
-0.017108049889623552
-0.03128382827280366
-0.03396547828296989
-0.007531175963130383
0.03506508009788618
0.05439426299826657
0.06420609457751963
0.0526179831434018
0.05232350288527606
0.03529377221323914
0.016340521557274574
-0.01620581250302557
-0.02447945464887721
0.006143359427495292
0.0585796419860961
0.07596650829032806
0.07639883037140625
0.07221971692098365
0.04181619665385372
0.02402833595557822
0.023837237064666842
0.05662479431513381
0.07347908993977668
0.08899882609674337
0.08366058822603864
0.0748731720128187
0.0522483164363929
0.03920973309257066
0.04278108941452101
0.07138013490845498
0.1220056771564529
0.14796693140206915
0.1506203864939042
0.1451631034124678
0.11605968215727591
0.10512945215088577
0.09035531494534381
0.0975606829633138
0.10732239024331143
0.11565242222582543
0.14409796205328962
0.14085241367649964
0.15504072313449363
0.11695878677517044
0.10594083924508327
0.09704064335853858
0.10104118899286366
0.12750681899973781
0.13526668707822118
0.1572054663085881
0.1525658358587561
0.14429845925031137
0.13545778596913255
0.13324291849578263
0.15550437290260646
0.16383127211641701
0.1717509113987771
0.17944499133448766
0.1748116264220626
0.17256229849297458
0.16242152619985767
0.16117468425587853
0.13906673551552448
0.1286972711070546
0.12482203622086813
0.14675141714512466
0.17041008639369398
0.18487407949759288
0.19696343392426516
0.21510529748603224
0.1952404111373593
0.15000323105932153
0.1558521102286911
0.18223002271186825
0.1939340465880143
0.1818290283178247
0.19689451301278893
0.20315378488231242
0.17344887203605525
0.16466772136024224
0.14910412644142704
0.1504480842152136
0.13440517568476823
0.14701143694751226
0.15517229942003916
0.11549265102194871
0.10707490151573767
0.1620487267241453
0.2269158354980961
0.179009536484706
0.10784242984808665
0.11528275551881655
0.11411423279242401
0.11048022109640436
0.1423248149671283
0.18682892716855518
0.17363997092696662
0.09077510595160815
0.07413697136750437
0.05849505723110254
0.09055894491106904
0.13304555406746432
0.13527921815303504
0.10829668131008911
0.015848676870830535
-0.007449723976840288
0.0021678759427979305
0.049525940433081624
0.0946158803820565
0.13656365332145576
0.1016865393457775
0.031214907361327426
0.005231723734786913
0.022349171930520863
0.027699940876039452
0.029501282880531953
0.07143025920771043
0.0572200203687922
0.037950360073777646
0.004780605041487922
0.015068617463667696
0.025287708974371235
0.036045636702070796
0.06012722972560792
0.04097034910391811
0.023401782214885175
-0.01517826436828898
-0.04361753865834622
-0.0404315128869221
-0.011281100101178249
0.01699840298500227
0.012058026739637623
-0.012800492922358879
-0.023395516677478245
-0.013286072071395988
0.0021804070176117915
-0.010463447469573827
-0.011606908046338632
-0.028962446663535937
-0.06874547642884074
-0.060625339949458894
-0.03490844166271292
-0.004827596572039901
-0.004432867715403283
-0.007189704174452674
-0.02709844928497413
-0.06486084323654387
-0.07081310377312777
-0.04850465783575196
-0.02845493813357457
-0.01877468283986705
-0.024780200444409872
-0.025732562130263297
-0.07699405642506466
-0.06960385505359021
-0.054751398630461606
-0.04224538596622846
-0.026656728897785538
-0.006513026134504187
0.008270509377148174
-0.011102532285080732
-0.006306263400075483
-0.005899003468625005
0.0013345594676761826
0.006500495059690327
0.03149372377593583
0.03639024125945197
0.033580147732443666
0.03433827775868225
0.013442710506569248
-0.006581947045980422
0.006625805807828935
0.03973290546604936
0.07014582403928969
0.0768374179898914
0.07759241524742651
0.06208834293397715
0.03788143916230141
0.04485811506491845
0.044607493568641236
0.061887845736955376
0.05797188485762385
0.07315954753202322
0.06774925598113879
0.07622652809271567
0.0966960388011574
0.09766719709923162
0.08918052668154434
0.07951593523135415
0.07695959596932654
0.07604482750791469
0.060631605486865824
0.06904308945566993
0.06967904150247337
0.0723606915126396
0.0673889875802403
0.08079410486236796
0.11212805743442707
0.1329139777819188
0.14238747034119761
0.1237161688685449
0.10778604001142428
0.08761414232981174
0.07326606166794104
0.0825829157920466
0.09300877003717885
0.11169886812205233
0.12289225069953355
0.13478424069788753
0.13670776068181517
0.13620651768926073
0.13104998040335697
0.14030104638468976
0.14306101561244264
0.1258621154304186
0.11697758338739123
0.11031105158641724
0.1093148311387153
0.08989166517723095
0.09509519399368668
0.0764489546706617
0.08893303795397059
0.09610394551620248
0.11134799802726422
0.1214386460211257
0.10300856773863983
0.1098192068999732
0.0907249816523527
0.0758819235353345
0.05385542678127055
0.040425247349515164
0.04825403633947475
0.04610808977760107
0.057248215287123386
0.04587626489354465
0.03755876398584449
0.027771994556219155
0.03316975503228972
0.04393708106609968
0.049021564671823725
0.048915050535905905
0.05019008739821625
0.04009004109824439
0.028104068038786467
0.01984922250515562
0.017487114902742844
0.030096508934190344
0.008389554587879853
0.009388907804285257
0.003599551240281535
0.0121770719503693
0.036004910708925746
0.030115305546411137
0.03136214749039029
0.01237443637868761
0.0012687713249034131
-0.012070557814451483
-0.007067526195017531
0.004022475015249339
0.017299148780534932
0.028119731882303795
0.006591345352090818
0.007697212704414039
-0.010588758217712435
-0.021346685945411992
-0.016976473604078016
-0.005601390441795809
0.010460314700870362
0.010215958742000075
0.0055481333738369
-0.00913828630800804
-0.013223416697326682
-0.007455989514247217
-0.011218444727108944
0.007214766324080396
0.02144693454392288
0.025099742852163324
0.014438930954271187
0.006168421577123014
0.015554196612704805
-0.003731127525827074
-0.0058363480945557
-0.008662105465081327
-0.007174040330935348
0.0041791134504226
-0.007058127888907135
-0.002171008711501396
-0.008925258036172405
-0.014576772777223657
-0.013577419560818253
-0.013878165356350914
-0.006885825610216548
-0.010576227142898574
-0.008182791853451148
-0.011766679250215357
0.012731572010882644
0.013470905424900436
0.03792216515544646
0.043172685502454164
0.02296006182769658
0.006757382093374474
0.00453311631391417
0.016760312563538913
0.028620974874858228
0.048727084413697996
0.03627119604872029
0.019181942771317528
0.0007706611010524435
0.006453503529138348
0.020538431619917967
0.020591688687876874
0.053811568019422044
0.018928188506336846
0.03434454329608918
-0.004254299899305766
0.02000586094032888
0.026738180884075632
0.04082310897485525
0.07178112930249853
0.06904935499307686
0.07669017786082853
0.04162196499423888
0.06482325001210228
0.030989348014677932
0.04138074180407206
0.04779351934006536
0.061367806132180146
0.07275542036927621
0.04724528481695894
0.049165672032183125
0.02793803129750281
0.025622915225642015
0.053770842026276994
0.0665055468058631
0.08689360552801474
0.05219505936843399
0.031243102279658614
0.020886168946002606
0.01947329026073979
0.025184327607156883
0.035979848559298026
0.04935990369179797
0.02634658479614248
0.008417749506211039
0.032233057189953625
0.024116053479275246
0.037023060537551944
0.02177274248908326
0.024376073281662858
0.011556783747083188
0.006954746521692783
0.03670978366720542
0.040428380118218636
0.04574468860799911
0.027023262836090967
0.015450815245490452
0.006412777535993301
-0.00021929380924256523
0.013652606009701418
0.013690199234143
0.015475877395118175
0.022502677596990657
0.012985326275863327
0.0103757299458768
-0.0052943791088562175
-0.0020801584191009045
-0.001970511514479622
0.005444752006622548
0.013868767050240519
0.006970410365210109
-0.0005513672918098783
-0.0069234188346581306
-0.031199243517810102
-0.03479252922068471
-0.05183165819883202
-0.04198536616384085
-0.045584917404122384
-0.030522565477861616
-0.032126543054035804
-0.04279675325803834
-0.04399660367146552
-0.059560198590280715
-0.055822805527046715
-0.05445691837233588
-0.03678810288479205
-0.02818552002507656
-0.02517492930104649
-0.022634253882536197
-0.04331992563151703
-0.04849839229834503
-0.06076944730981829
-0.05575388461557048
-0.04522464900322388
-0.024141115628902966
-0.021816601250931777
-0.03903429804517661
-0.062260645212667734
-0.0716307564047322
-0.08457848945615394
-0.07624532470493646
-0.07304050232129154
-0.06112658294201333
-0.06465408050211516
-0.09553378161217181
-0.10632930256431294
-0.10294277959586705
-0.08686227784098009
-0.09767032986793509
-0.08969743351761611
-0.08321573507014657
-0.0941115046207986
-0.0830778932471941
-0.06366412559182015
-0.07316894583813362
-0.06056268457538959
-0.06968217427117683
-0.08661165634470287
-0.059679243801012395
-0.07230430167597722
-0.0608133060716668
-0.06515845626337306
-0.05799381423854811
-0.09195302698411106
-0.09453756116446987
-0.0484200730807584
-0.11126654604097413
-0.05564737047965266
-0.0736482594497638
-0.08332851474347132
-0.1047660509812838
-0.11440244751314281
-0.10275168070495568
-0.07871707921197052
0.027399195080506793
0.00920407445078081
-0.009448430409651097
-0.07381116342234399
-0.1360028877235355
-0.15359338399349268
-0.0977956406160737
-0.021750813108159007
-0.014852456423128596
-0.06573801847351413
-0.11740050716235903
-0.12578379621283195
-0.14591183513259598
-0.13630363351906816
-0.10583745787786891
-0.062260645212667734
-0.06396800415605627
-0.11629463981003581
-0.10513258491958924
-0.1643920377143373
-0.16308880593369576
-0.18743668429702742
-0.16476483719004964
-0.11312741065083247
-0.14762545961339144
-0.13811750659837452
-0.2203401539895226
-0.2512887760110555
-0.26627280871972964
-0.25763889817297947
-0.2062614914361499
-0.2042032623979733
-0.20499585287994998
-0.2637571954508471
-0.2863350594967209
-0.2990447021266793
-0.30243435786382866
-0.2932240178756409
-0.25047425614815455
-0.21526506868990897
-0.21268053450955016
-0.22773975366710747
-0.25639832176640726
-0.2754800159392139
-0.2765952815976475
-0.2636444157775223
-0.21489540198290005
-0.21043120658046213
-0.21049386195453143
-0.20827586171247806
-0.22787446272135647
-0.2550606295300276
-0.2672126393307692
-0.24165864501660342
-0.19760878427717898
-0.18352385618639938
-0.16643773567770007
-0.19575731797343104
-0.22602612918631199
-0.2362295568534982
-0.23684357951937737
-0.1781730872408808
-0.16499979484280955
-0.12924863839886447
-0.16852729240291137
-0.19927854999612596
-0.19802857528344334
-0.18519048913664288
-0.15673868377177178
-0.1357491334585548
-0.09948733571594491
-0.10364451978544326
-0.1125572467468018
-0.12757573991121404
-0.14724952736897562
-0.15210218609064324
-0.14022899270451006
-0.13097166118577036
-0.12734391502715764
-0.11777017386936793
-0.1284184546924462
-0.14812983537464935
-0.1415040295668204
-0.13431432539236773
-0.12694292063311408
-0.12321179310728701
-0.13983426384787345
-0.1602317208761355
-0.1518265024447383
-0.14115002670332885
-0.12858762420243333
-0.1327416755032282
-0.12088101319190889
-0.13422974063737417
-0.1323532121839985
-0.11221890772682756
-0.11509478939660862
-0.09594417431232576
-0.10321219770436506
-0.09047749292477895
-0.08608535120252071
-0.05800634531336197
-0.022850414923075296
-0.024363542206848998
-0.004489257552065657
-0.010808052026955001
-0.019811629280714036
-0.024388604356476717
-0.024670553539788587
-0.024391737125180182
-0.04398093982794819
-0.06126755753366926
-0.09008276406814233
-0.10293338128975665
-0.13450855705198259
-0.1256459543898795
-0.11522010014474723
-0.10290518637142547
-0.10502607078367142
-0.09632637209414852
-0.10876033107820196
-0.12809264674728582
-0.12622551660002054
-0.1281584348900586
-0.11651706638798184
-0.09918972268911572
-0.07557177943369145
-0.060349656303553954
-0.05431594378067994
-0.04314135781541951
-0.05182225989272163
-0.053225740271874045
-0.03576995305616586
-0.03529377221323914
-0.02965478854700175
-0.027195565114781554
-0.02200456737313969
-0.04418143702496996
-0.0682536317423967
-0.08373264190621833
-0.09297430958144073
-0.08858843339658942
-0.07687814398303644
-0.05765860798727733
-0.04989247437138705
-0.0746570109722796
-0.10559623468770209
-0.12007275886641486
-0.11261990212087111
-0.09430573628041344
-0.064713603107481
-0.06864522783032985
-0.09310901863568972
-0.12004769671678714
-0.1204016995802787
-0.10050235277586765
-0.08715675809910582
-0.05491116983433833
-0.05756149215746991
-0.0720442818735896
-0.09058400706069676
-0.09910513793412216
-0.10140145739376216
-0.1005430787690127
-0.08794308304367558
-0.09773925077941133
-0.1191047333370441
-0.13900721291015863
-0.15443609877472483
-0.14429219371290444
-0.13251298338787523
-0.11880398754151145
-0.10695898907370946
-0.1280393896793269
-0.12297370268582365
-0.13279179980248365
-0.12637902226649034
-0.12627877366797946
-0.11546445610361752
-0.12053954140323117
-0.12834326824356304
-0.12714341783013586
-0.11533287981807198
-0.13351860214168756
-0.10567455390528872
-0.10191836422983393
-0.07186884682619556
-0.08575641048865687
-0.08088182238606499
-0.06930937479546448
-0.06614214563626114
-0.04132748473611315
-0.06009590203857327
-0.03217666735329125
-0.07181558975823665
-0.0937418379137897
-0.1047221922194353
-0.11497574418587694
-0.09852244295527762
-0.11134799802726422
-0.11291124961029338
-0.11786415693047188
-0.14763172515079837
-0.15234967481821698
-0.18801311373846502
-0.14911039197883397
-0.15197374257380117
-0.12333397108672214
-0.10602855676878029
-0.1181147784267491
-0.11249145860402904
-0.13208066130679705
-0.10859116156821484
-0.1052986216608729
-0.08233542706447285
-0.06412464259122953
-0.07130808122827528
-0.06063787102427275
-0.06774925598113879
-0.08102906251512786
-0.08950320185800127
-0.07650847727602754
-0.06808759500111304
-0.06001758282098664
-0.048561047672414336
-0.07049356136537432
-0.0859161816925336
-0.11018260806957517
-0.09991025949091271
-0.08059360766534619
-0.05597631119351651
-0.0539776047607057
-0.05968237656971586
-0.07139579875197231
-0.09584705848251833
-0.10685874047519857
-0.07802787009720817
-0.07012076188966196
-0.05199456217141222
-0.050932553580937505
-0.051195706152028585
-0.04383996523629225
-0.04075732083208248
-0.02475513829478215
-0.017744001936426994
-0.0047022858239012914
-0.013674535390625674
-0.012728439242179179
0.004652161524645848
0.0053382378707047306
0.034617094173290654
0.007750469772372948
0.031067667232264562
0.07127362077253717
0.05156224009033401
0.05449764436548093
0.022502677596990657
0.09034278387052995
-0.04731107295973171
-0.04407805565775561
-0.040478504417474075
-0.03712644190476629
0.011218444727108944
0.024698748458119774
0.17826707030198474
0.1183935948413575
0.10749782529070548
0.11446823565591559
0.12211532406107418
0.21569739077098715
0.19227367917517774
0.2717206934950556
0.20725144634644493
0.1854599072451409
0.1604008903861226
0.1571428109345188
0.25992268655780565
0.24045879460317623
0.30051397064860447
0.26363501747141194
0.26447146671523714
0.27245689414037
0.27816166594938013
0.3044487281401568
0.257864457519629
0.2376956926067199
0.20319451087545748
0.20180356157111892
0.19600167393230133
0.18624936495841413
0.18077955080216385
0.17080168248162714
0.16107130288866417
0.15473997733896094
0.16050740452204043
0.1777219685475818
0.17953584162688815
0.2015967988366902
0.20339187530377578
0.2032101747189748
0.17150342267120333
0.1492513665704899
0.12529195152638792
0.16840511442347625
0.21085099758672646
0.2539610277151113
0.2217561654434889
0.1883859132141774
0.14386926993793664
0.12537966905008494
0.16227741883949828
0.18514663037479437
0.19210764243389408
0.16492774116262984
0.14014127518081304
0.09733199084796085
0.07534308731833848
0.11511985154623634
0.16594275822255258
0.17832032736994366
0.17324524207032999
0.16746215104373322
0.13407310220220092
0.132491054006951
0.1518171041386279
0.16417900944250166
0.16802291664165347
0.15537906215446787
0.14280726134746194
0.09689027046077225
0.07415576797972516
0.06869221936088182
0.08701891627615335
0.11230975801922805
0.10620712458487781
0.12744103085696504
0.0984973808056499
0.07477605618301128
0.040663337770978525
0.028445539827464176
0.008721628070447166
0.026913615931469684
0.04667198814422481
0.04831355894484059
0.02905642972463989
0.0070612606576106
-0.02479899705663066
-0.04773086396599605
-0.049231460174955895
-0.03549426941026092
-0.013862501512833587
0.021083533374320913
0.03223618995865709
0.021343553176708528
-0.0045456473887280305
-0.03722982327198065
-0.04405612627683136
-0.040628877315240404
-0.012264789474066326
0.024498251261098003
0.07620773148049488
0.08084109639291993
0.06733573051228138
0.023436242670623292
-0.013167026860664309
-0.02259352788939115
0.023119833031573306
0.0699923183728199
0.11353467058228295
0.11007922670236081
0.06961638612840407
0.004689754749087431
-0.048758412100732645
-0.04082937451226218
0.008897063117841218
0.09356327009769219
0.10264516656903785
0.10145471446172107
0.06518038564429732
0.0070769245011279265
-0.019313519056863068
-0.01895638342466803
0.04652161524645848
0.06934383525120259
0.09725053886167075
0.08484790756465195
0.06101693603739204
0.034795661989388174
0.025516401089724198
0.05218879383102706
0.07951906800005762
0.10350981073119425
0.10991945549848409
0.1179706710663897
0.10282373438513537
0.09546799346939903
0.09768286094274894
0.08599763367882368
0.10366018362896058
0.11388554067707106
0.13371283380130242
0.11416748986038293
0.1199067221251312
0.11850637451468225
0.1104770883277009
0.10844705420785544
0.09857256725453307
0.09745730159609946
0.08902075547766762
0.08663045295692366
0.07312195430758164
0.07678102815322901
0.08232602875836245
0.08928704081746217
0.10476918374998727
0.10300856773863983
0.09941528203576522
0.09706883827686977
0.10755421512736785
0.12237221109475833
0.13886937108720618
0.16250924372355469
0.16435757725859917
0.154827694862658
0.12616286122595124
0.13345594676761827
0.14661670809087565
0.1416387386210694
0.15001889490283887
0.1450001994398876
0.13535753737062164
0.13259130260546187
0.14568627578594648
0.13819582581596115
0.1265889177696225
0.1413975154309026
0.13316459927819602
0.13522596108507612
0.1362817041381439
0.13727479181714236
0.145009597745998
0.12964650002420455
0.13127553975000647
0.11533914535547891
0.12985639552733674
0.14162934031495902
0.1438034817951639
0.1537719518095902
0.10401731926115562
0.12348121121578502
0.18260595495628407
0.23754845247765705
0.1843039155935622
0.14756906977672907
0.11474078653311706
0.035854537811159416
0.051938172334749844
0.0726489062333584
0.14286051841542086
0.0912920127876799
0.07034945400501492
0.05033106198987219
0.039848817908077566
0.0627869503548499
0.07833488143014776
0.11716241674089567
0.081737068242111
0.038580046583174155
0.02590799717765735
0.06638336882642797
0.09777997677255637
0.13911685981477992
0.15234967481821698
0.11640115394595363
0.0648295155495092
0.05704145255269468
0.06917779850991894
0.08007670082927443
0.10665197774076987
0.09675869417522671
0.059475613835287156
0.008389554587879853
-0.003283141601231548
0.006155890502309152
0.02123703904079071
0.04528730437729318
0.042790487720631404
0.03207015321737343
-0.0022806556161226784
-0.025460011253061823
-0.04521838346581695
-0.0325056080671551
0.013210885622512823
0.025441214640841033
0.0413588124231478
-0.0038188450495241
-0.01353356079896974
-0.03417537378610206
-0.012875679371242045
0.0008583786247494696
0.011989105828161388
0.006234209719895783
-0.01879347945208784
-0.018780948377273978
-0.030685469450441805
-0.019839824199045224
-0.012678314942923735
0.006440972454324487
-0.0015444549708083523
-0.006133961121384896
-0.0095831394639001
-0.00920407445078081
-0.0025845341803588046
-0.013918891349495961
-0.003724861988420144
-0.010764193265106487
-0.01957980439665761
-0.033627139262995646
-0.0546887432563923
-0.08924004928691019
-0.0786826187562324
-0.02374012123485942
0.03391222121501098
0.07268336668909652
0.03480506029549857
-0.004417203871885956
-0.06492349861061317
-0.046471490947203035
-0.010194029361075817
0.04285940863210764
0.06606069364997104
0.07558431050850531
0.05620500330886947
0.024050265336502476
0.05617994115924175
0.06242041641654446
0.10636063025134761
0.10862248925524949
0.1189167672148362
0.08864169046454833
0.06954433244822436
0.06872354704791647
0.04697273393975747
0.05897437084273272
0.06100440496257818
0.09394546787951494
0.08114497495715607
0.07237948812486039
0.06661519371048438
0.06537461730391216
0.08598196983530636
0.0902926595712745
0.10150483876097652
0.08159922641915852
0.08915859730062009
0.09947480464113105
0.1062791782650575
0.1153046848997408
0.11066505444990882
0.11625391381689076
0.12439911244590032
0.1366137776207112
0.14721819968194097
0.1276164659043591
0.11958717971737776
0.10249479367127153
0.10618832797265701
0.09178072470542048
0.11075277197360583
0.1248596294453097
0.14149776402941347
0.13621278322666766
0.12536400520656762
0.09769852478626627
0.09064352966606261
0.08417749506211039
0.11966549893496438
0.14355286029888667
0.14730278443693454
0.14095266227501052
0.10230996031776708
0.07362946283754301
0.08163055410619317
0.10120409296544386
0.10048042339494338
0.08891110857304634
0.08209107110560256
0.07168401347269111
0.07628291792937805
0.08477272111576879
0.0802051443461165
0.06575054954832799
0.048554782135007406
0.0522389181302825
0.04946955059641925
0.08620752918195586
0.09000757761925916
0.0855465149855247
0.05670311353272044
0.04066647053968199
0.033561351120222876
0.021863592781483754
0.04201356108217203
0.04354861774686999
0.05566616709187345
0.040184024159348346
0.01954534394091949
-0.006929684372065061
-0.02900003988797752
0.005839480863259166
0.0007455989514247218
0.027267618794961253
0.0140504676350415
0.0006954746521692783
-0.0069234188346581306
-0.01116205489044657
0.004081997620615179
0.0036841359952750957
0.015037289776633045
0.004445398790217144
-0.0033082037508592697
0.016024111918224587
0.023570951724872297
0.028326494616732496
0.012029831821306436
0.004598904456686939
0.011190249808777758
-0.008865735430806565
-0.018376821214526967
-0.010485376850498083
0.002634658479614248
-0.003630878927316187
-0.023351657915629733
-0.01921327045835218
-0.040296803832673096
-0.026271398347259313
-0.031471794395011576
-0.016340521557274574
-0.027327141400327094
-0.029939870499017085
-0.0359547864096703
-0.04906229066496877
-0.031478059932418506
-0.021340420408005063
-0.011428340230241113
-0.00597418991750817
-0.004461062633734469
-0.02028781012364075
-0.014949572252936019
-0.021005214156734283
-0.004075732083208248
0.0026691189353523653
-0.001986175357996948
-0.0016979606372781479
-0.00023809042146335653
-0.003718596451013213
-0.011447136842461904
-0.024376073281662858
-0.010062453075530279
-0.00930119028058823
-0.004222972212271113
-0.014567374471113262
0.0023840369833370307
0.00921033998818774
-0.007387068602770983
0.002725508772014739
-0.002606463561283061
0.00027881641460840434
-4.072599314504783e-05
0.016807304094090893
0.030331466586950236
0.014344947893167231
0.012393232990908401
-0.004461062633734469
-0.0015444549708083523
0.0006296865093965088
0.0068357013109611045
0.026384178020584063
0.026753844727592957
0.03280322109398429
0.02360854494931388
0.009241667675222392
0.01617135204728745
0.03054449485878587
0.04927218616810094
0.05870495273423471
0.0673795892741299
0.055590980642990284
0.0586516956662758
0.03496169873067183
0.043363784393365544
0.027208096189595413
0.024385471587773253
0.019131818472062082
0.017590496269957196
0.03749924138047865
0.008264243839741245
0.04303171091079823
0.011472198992089627
0.03626493051131336
0.008602582859715487
0.023082239807131723
0.04299098491765318
0.03685389102756482
0.05442559068530122
0.024288355757965834
0.03769660580879696
0.010613820367340158
0.024752005526078685
0.025882935028029627
0.04956353365752321
0.04847333014871731
