-0.13243153140158515
-0.16599914805921495
-0.2227367220476735
-0.23970379734564112
-0.22441588607273086
-0.19551609478326423
-0.15633142384032128
-0.16825160875700643
-0.21979818500382314
-0.24211602924730935
-0.24423064812214837
-0.22673100214459166
-0.1753880558635002
-0.1428918461024555
-0.10085322287065575
-0.12507265771714535
-0.13747215624546066
-0.15099631873832003
-0.15156961541105415
-0.1478635500348548
-0.11804899028397633
-0.09629191163841039
-0.07901469223879971
-0.08989166517723095
-0.1215827533814851
-0.12405450788851916
-0.1132057298684191
-0.0768092230715602
-0.06333518487795631
-0.062163529382860315
-0.07061573934480947
-0.07383935834067518
-0.08971936289854036
-0.0865270715897093
-0.07311882153887818
-0.08340996672976142
-0.09614780427805099
-0.11068071829342614
-0.11376649546633938
-0.1122157749581241
-0.0978394993779222
-0.09893596842413503
-0.12245679584975189
-0.1322372997419703
-0.13361885074019847
-0.14080542214594766
-0.13557369841116076
-0.13188016410977527
-0.12131646804169055
-0.14541685767744847
-0.15009408135172203
-0.16673534870452927
-0.16663196733731492
-0.15548557629038567
-0.14988731861729335
-0.1409651933498244
-0.1788121720563877
-0.17577965195143336
-0.20908098326926863
-0.20249277068588126
-0.22269599605452844
-0.2182599955704217
-0.2183790407811534
-0.20751773168623946
-0.19380560307117223
-0.1639597156332591
-0.16553236552239864
-0.17934787550468023
-0.22063776701635182
-0.24401448708160925
-0.25439961533359645
-0.23202538125344788
-0.196888247475382
-0.23132677383257513
-0.25094103868497086
-0.3084868669989234
-0.31119357915871737
-0.2810814063810097
-0.25992895209521255
-0.22302806953709578
-0.21072255406988438
-0.1956445383001063
-0.21303140460433825
-0.21046566703620026
-0.20940365844572553
-0.19935060367630567
-0.19117407736026143
-0.1798397201911243
-0.1828189832281197
-0.20170331297260805
-0.22469783525604273
-0.25059330135888624
-0.26035500863888383
-0.23057804211244695
-0.18673494410745123
-0.21177203158554525
-0.21202265308182247
-0.2338235904892369
-0.24241364227413853
-0.24033974939244457
-0.2243845583856962
-0.22189714003514482
-0.22668714338274315
-0.1997985896009012
-0.19069476374863126
-0.17129665993677462
-0.170679504502192
-0.19179749833225102
-0.24479141372006863
-0.2809091041023191
-0.26117266127048827
-0.19363016802377817
-0.13981860000435611
-0.13907926659033834
-0.16575792486904814
-0.21228267288421007
-0.21459152341866394
-0.22222921351771213
-0.19165652374059508
-0.17058552144108802
-0.14607787187387963
-0.1562750340036589
-0.15073943170463588
-0.14297016532004214
-0.1519800081112081
-0.15697364142453166
-0.13781049526543493
-0.12230642295198556
-0.07482618048226672
-0.03818218495783407
-0.012753501391806902
-0.0808536274677338
-0.12986266106474367
-0.16024111918224587
-0.11765739419604318
-0.06610455241181956
-0.030068314015859157
-0.0022242657794603045
-0.04636810957998869
-0.06397113692475974
-0.1117834528770459
-0.08679022416080039
-0.06794975317816057
-0.02678517241462761
0.007239828473708118
0.02574822597378062
-0.01029741072829017
-0.06606069364997104
-0.09151130659692247
-0.08484790756465195
-0.017010934059816133
-0.0058018876388175825
-0.0016948278685746828
-0.03730187695216035
-0.06302817354501672
-0.06864522783032985
-0.07777098306352402
-0.06312215660612067
-0.10522343521198972
-0.11928016838443815
-0.12442417459552804
-0.11594690248395116
-0.10410190401614917
-0.08457848945615394
-0.08757028356796323
-0.11701830938053627
-0.11824322194359117
-0.10424601137650857
-0.0849512889318663
-0.06596671058886709
-0.04213887183031064
-0.06580067384758342
-0.07518958165186869
-0.07145532135733815
-0.08714735979299543
-0.04476726477251796
-0.04625219713796047
-0.04909048558329996
-0.10287072591568736
-0.10129494325784434
-0.09914899669597067
-0.09419922214449562
-0.11883844799724956
-0.13393839314795192
-0.13265395797953117
-0.1622930826830156
-0.17306040871682554
-0.1940593573361529
-0.16763132055372032
-0.19127432595877233
-0.16458313660524868
-0.14100591934296944
-0.12499433849955871
-0.14554530119429054
-0.15790407372946083
-0.13737817318435672
-0.16013773781503152
-0.1631671251512824
-0.18230207639204793
-0.18472370659982656
-0.19513389700144146
-0.2052370760701168
-0.20045960379733235
-0.2049927201112465
-0.21954756350754592
-0.22909310974700442
-0.24992602162504812
-0.2540644090823257
-0.2511634652629169
-0.2631807660094095
-0.2657465035775475
-0.2870180030740763
-0.25792084735629134
-0.2602171668159314
-0.27762909526979107
-0.28279816363050864
-0.3049562366701181
-0.3068922877288596
-0.2856740453002897
-0.2490989706873333
-0.22962254765789006
-0.24112294156831088
-0.2493871854080521
-0.29584301251173784
-0.32065767341188584
-0.31388149470629056
-0.2664670403793445
-0.23802463332058377
-0.2464079223710567
-0.24966913459136397
-0.24502637137282854
-0.24506396459727012
-0.2363924608260784
-0.23015198556877567
-0.21266173789732937
-0.1956977953680652
-0.1817632401750519
-0.15621864416699655
-0.12345614906615729
-0.10883865029578858
-0.10763253434495448
-0.12467792886050873
-0.11612547030004869
-0.09387654696803871
-0.09183084900467592
-0.0625958514639385
-0.06910261206103577
-0.08247640165612878
-0.10313701125548189
-0.11364118471820077
-0.09799613781309548
-0.04428795116088778
0.00992461125257781
0.0397015777790147
0.03612708868836089
0.027449319379762235
0.012565535269598988
0.014138185158738527
0.029495017343125023
0.0518880480354944
0.05248953962655972
0.033946681670749095
0.020015259246439276
0.0609041563640673
0.07871394644326705
0.09990712672220925
0.11416748986038293
0.10295531067068091
0.056721910144941226
0.02814792680063498
0.06426561718288547
0.13731865057899087
0.20024030998808978
0.21692230333404205
0.19928794830223634
0.13906046997811755
0.10711562750888272
0.13278866703378017
0.2259634738122427
0.2770464002909465
0.2783339682280707
0.19810689450102997
0.1467545499138281
0.1077390484808723
0.16144723513307999
0.19010893600108325
0.3058898017437508
0.26335933382550697
0.1610305768955191
0.23903338484309958
0.3458701959373739
0.31922913088310567
0.215036376574556
0.18903126356709124
0.18212977411335735
0.20407795164983467
0.21354831144041003
0.36145258746840986
0.4267582838608458
0.32192957750549267
0.12827748010079026
0.0529688532381899
0.08099146929068626
0.20041261226678037
0.34839520751236686
0.463311429092878
0.4061384002546377
0.3224402188041575
0.2703203458846067
0.2602171668159314
0.3810323918650675
0.4644266947513116
0.3810950472391368
0.11902641411945748
-0.008530529179535788
0.04077611744430327
0.17782221714609267
0.28799855967826093
0.28686763017630995
0.2506747533451763
0.21418739625591693
0.1468109397504905
0.17051973329831527
0.23931220125770797
0.2118754129527596
0.14949885529806364
0.11989105828161388
0.17761858718036744
0.2509441714536743
0.32078924969743133
0.2790106462680192
0.1843509071241142
0.13344028292410096
0.12558016624710672
0.08408351200100644
0.06912454144196002
0.061092122486275206
0.04694140625272282
0.08878266505620426
0.16941073317728858
0.32806040585817414
0.3654406020279211
0.30273197089065784
0.1781354940164392
0.08189683944598772
0.07132374507179261
0.12740657040122694
0.24600692797701315
0.302988857924342
0.29866563711356
0.20404662396280002
0.10155183029152849
0.07153677334362825
0.17022525304018954
0.24408027522438203
0.2796998553827816
0.24236978351229002
0.18170685033838954
0.16305434547795764
0.2274578044837956
0.2828921466916126
0.23889241025144364
0.25774227954019385
0.28180507595151016
0.2793834457437316
0.24340986272184048
0.24585028954183988
0.25567778496461024
0.23719758238286895
0.2707902611901265
0.27091870470696855
0.22683751628050947
0.189097051709864
0.20997068958105275
0.212423647475866
0.20504597717920542
0.23114507324777414
0.2460821144258963
0.21944731490903502
0.1831886499351286
0.18748054305887596
0.17592689208049622
0.2332659576600201
0.32142833451293823
0.3383484182803539
0.26146400875991055
0.20704468361201622
0.20169078189779419
0.23445954253604034
0.31381883933222127
0.382335623645709
0.3666091247543136
0.31879054326462053
0.23832537911611643
0.1991939652411324
0.20532479359381384
0.27523252721164015
0.31372172350241384
0.32782231543671075
0.32555419089540194
0.28690522340075153
0.24949056677526646
0.22766769998692776
0.25832497451903835
0.26417385368840796
0.28339338968416705
0.3093264490114521
0.32813872507576075
0.3172805487495503
0.30042625312490745
0.26410806554563515
0.22826919157799308
0.2035265843580248
0.2289333385431277
0.27963720000871223
0.3345483698430506
0.36849818428250314
0.3146866162630811
0.2318687428182746
0.20430351099648417
0.22536511498988082
0.2542367113610163
0.29033873789974946
0.3066604628448032
0.27457777855261595
0.21026516983917848
0.19977352745127347
0.18594861916288147
0.22669340892015008
0.2606024973664576
0.27111606913528685
0.2546032452993217
0.23123279077147119
0.23110121448592563
0.21006153987345325
0.23962234535935104
0.28872536201746485
0.31002505643232486
0.27674565449541383
0.2419405941999153
0.23536177992263832
0.22465084372549074
0.23168704223347364
0.251197925718655
0.2323198615115736
0.21106089308985865
0.22532752176543924
0.19467651277073555
0.20621449990559795
0.20598894055894845
0.22200365417106263
0.20056611793325016
0.23075660992854446
0.22210390276957354
0.20380853354133666
0.17780028776516843
0.1557894548546218
0.1948801427364608
0.22456312620179372
0.29258180029143055
0.2774818551407282
0.2130282718356348
0.11297390498436267
0.08498261661890096
0.09849424803694644
0.1317485878242297
0.17150968820861026
0.14965549373323692
0.10395153111838284
0.061452390887173705
0.04576661798892336
0.05605463041110314
0.0890677470082196
0.13792014217005621
0.13574286792114787
0.10217211849481461
0.06366412559182015
0.06595104674534975
0.09405198201543276
0.0963451687063693
0.07960365275505119
0.05613294962868977
0.0551210653374705
0.04313509227801258
0.049099883889410355
0.08975695612298194
0.09774238354811479
0.09291165420737142
0.06428441379510627
0.05398387029811263
0.04285940863210764
0.04162509776294235
0.05851385384332333
0.05937223246807281
0.055362288527637325
0.035920325953932186
0.03819471603264793
0.05987974099803417
0.07767700000242007
0.09573741157789704
0.07452543468673406
0.034933503812340644
0.02922873200333048
0.02879640992225228
0.019263394757607622
0.03700426392533115
0.057787051504119405
0.07295278479759452
0.053141155516880485
0.03716403512920788
0.05090435866260632
0.09545859516328864
0.1390103456788621
0.12389473668464242
0.09046809461866856
0.05209167800121964
0.018718293003204677
0.04594518580502088
0.09934009558688205
0.1406487837107744
0.12347181290967461
0.0956340302106827
0.0060650402099086615
-0.01511247622551621
0.02526577959344698
0.11874759770484908
0.14644440581218507
0.1383524642511344
0.09587525340084951
0.04548780157431496
0.03133081980335564
0.06409958044160181
0.12721860427901902
0.1455045752011455
0.13497847235750238
0.08061240427756698
0.03014036769603886
-0.0239218218196604
-0.019103623553730898
-0.014482789716119701
-0.018946985118557635
-0.04794389223783169
-0.0416470271438666
-0.039629524098835
-0.0347392721527258
-0.03621793898076138
-0.06113284847942026
-0.11225650095126914
-0.14379095072035003
-0.1506454486435319
-0.10091274547602158
-0.09798673950698507
-0.10232875692998787
-0.15792913587908855
-0.2291870928081084
-0.284342618601317
-0.2731022444932838
-0.19274672724940098
-0.13980606892954225
-0.12751308453714474
-0.17499019423816012
-0.20850142105912756
-0.24858206385126155
-0.24303393047742464
-0.21968853809920186
-0.2318342823625365
-0.21851688260410584
-0.231339304907389
-0.2046261861729411
-0.21501131442492827
-0.19752419952218545
-0.17851769179826196
-0.19220162549499803
-0.18972987098796398
-0.20748013846179789
-0.19808183235140225
-0.21379893293668722
-0.20283737524326245
-0.19951664041758932
-0.186080195448427
-0.18803817588809277
-0.17610859266529721
-0.16519715927112785
-0.17015946489741676
-0.16119348086809931
-0.1678412160568525
-0.19465771615851477
-0.24173069869678313
-0.23063443194910932
-0.22661508970256344
-0.21271499496528828
-0.20456039803016832
-0.19123359996562728
-0.19173484295818172
-0.19455120202259693
-0.2013117168846749
-0.24227580045118607
-0.27843108405787814
-0.2968454984968467
-0.24360722715015878
-0.17659730458303777
-0.13700850647734783
-0.12467479609180526
-0.17905652801525798
-0.25720344332319783
-0.345271837115012
-0.3701491533892293
-0.3237121228977644
-0.2549541153941098
-0.18480515858611665
-0.16800098726072923
-0.19274986001810443
-0.2701574419120265
-0.33064180726982945
-0.33966418113580926
-0.2610410849849427
-0.17941992918485994
-0.10832800899712376
-0.093265657070863
-0.10022353636125925
-0.15421680496548226
-0.18714846957630862
-0.1852312151297879
-0.13560189332949193
-0.10864441863617375
-0.08768932877869491
-0.08454716176911929
-0.09661771958357078
-0.15701436741767671
-0.21094498064783043
-0.2195569618136563
-0.1867913339441136
-0.09419608937579216
-0.06112971571071679
-0.07347282440236974
-0.15027891470522647
-0.20508043763494355
-0.20078227897378925
-0.16643460290899662
-0.10927410514557026
-0.06449430929823843
-0.03977989699660133
-0.08652080605230238
-0.13118782222630945
-0.1593482801017583
-0.1831416584045766
-0.16408189361269424
-0.15923863319713702
-0.14257230369470206
-0.17140004130398898
-0.13490641867732267
-0.11864421633763472
-0.11680528110870064
-0.12673929066738884
-0.1283745959305977
-0.14382227840738468
-0.17276279568999636
-0.1439820496112614
-0.1430171568505941
-0.15932321795213056
-0.18603946945528194
-0.20187248248259515
-0.21848242214836774
-0.233453923782228
-0.24415546167326518
-0.24024263356263714
-0.2336794831288775
-0.20436303360185
-0.20980152007106562
-0.20696636439442959
-0.23885168425829859
-0.22688450781106145
-0.25885754519862747
-0.24981324195172339
-0.2510694822018129
-0.25742586990114386
-0.25729116084689485
-0.2458941483036884
-0.22386138601221753
-0.2109919721783824
-0.18664096104634725
-0.1939685070437524
-0.1992816827648294
-0.24528639117521614
-0.20678779657833207
-0.18312912732976275
-0.14994057568525224
-0.14060179218022242
-0.11929269945925201
-0.15906319814974296
-0.1940687556422633
-0.18172564695061033
-0.16968641682319352
-0.17400337209656858
-0.18734270123592348
-0.18520928574886367
-0.23631414160849176
-0.277271959637596
-0.25704053935061766
-0.2230061401561715
-0.19282504646698762
-0.16530680617574914
-0.14944559823010473
-0.1438003490264604
-0.17331103021310276
-0.1992033635472428
-0.1838653279750771
-0.1459713577379618
-0.19539704957253254
-0.241514537656244
-0.20981718391458296
-0.14844311224499587
-0.1428636511841243
-0.13229368957863266
-0.12800806199229225
-0.11369444178615967
-0.1284278529985566
-0.13565515039745085
-0.0992273159135573
-0.0832220006075535
-0.08899882609674337
-0.08455969284393315
-0.04793136116301783
-0.061505647955132615
-0.10271722024921755
-0.15837085626627714
-0.14659477870995138
-0.10027366066051469
0.008386421819176388
0.04816631881577772
0.05028407045932021
-0.01583301302731321
-0.08077530825014717
-0.06718222484581159
0.004342017423002792
0.03508074394140351
0.030318935512136377
-0.011190249808777758
-0.0494382229093846
-0.05137740673682957
-0.034021868119632266
-0.022433756685514422
-0.027421124461431048
-0.03175687634702691
-0.03320734825673131
-0.02169442327149663
0.006093235128239848
0.033370252229311496
0.0010494775156608478
-0.0023997008268543565
-0.040854436661889905
-0.038554984433546435
-0.05912474374049905
-0.04334185501244128
-0.03163783113629523
-0.023094770881945583
-0.0477809882652515
-0.08307476047849063
-0.11756967667234615
-0.161804370765275
-0.11408603787409283
-0.1445302841343678
-0.05054095749300436
-0.05033732752727912
-0.03406259411277731
-0.08823443053309785
-0.11657032345594075
-0.06924985219009863
-0.06334145041536324
-0.001509994515070235
-0.03895597882758998
-0.019680052995168496
-0.04190704694625422
-0.10460314700870361
-0.09291791974477835
-0.09490096233407183
-0.09845665481250486
-0.10321219770436506
-0.09651120544765296
-0.09048062569348242
-0.1248157706834612
-0.13445529998402367
-0.16150989050714928
-0.16185449506453048
-0.18447308510354934
-0.17173211478655628
-0.19217969611407376
-0.18791286513995414
-0.19746154414811612
-0.19732370232516366
-0.1974646769168196
-0.18597681408121264
-0.20887735330354337
-0.24101956020109652
-0.25945277125228583
-0.2613386980117719
-0.21163732253129625
-0.18417233930801669
-0.19023737951792533
-0.21941911999070385
-0.2688792722810127
-0.3003980582065762
-0.2813821521765424
-0.23899579161865797
-0.22890201085609305
-0.2875443082162585
-0.2696687299942859
-0.2690327779474825
-0.2676543597179578
-0.2840606694180051
-0.2744211401174427
-0.27550821085754507
-0.28440214120668283
-0.27634779287007377
-0.28011651362034246
-0.28044858710290976
-0.3390313618577093
-0.3504346399383227
-0.3112593673014902
-0.27362854963546596
-0.2273230954295466
-0.20658729938131032
-0.22931866909365392
-0.27968732430796767
-0.2951757327778997
-0.254080072925843
-0.20625522589874298
-0.19431937713854053
-0.1849617970212899
-0.23916809389734858
-0.2845587796418561
-0.2982239167263714
-0.24834710619850164
-0.1793886014978253
-0.15973674342098798
-0.13129433636222726
-0.15769417822632867
-0.17882470313120155
-0.20060684392639522
-0.17406916023934135
-0.13926723271254624
-0.15036976499762697
-0.16335195850478684
-0.16731177814596687
-0.15510964404596986
-0.15220870022656105
-0.10068092059196516
-0.05735159665433774
-0.043896355072954626
-0.06076944730981829
-0.0702805330935387
-0.049566666426226674
-0.036095761001326235
0.01978969989978978
0.05847312785017829
0.07030872801186988
0.050907491431309786
0.024980697641431644
0.02447945464887721
0.02535662988584747
0.062367159348585555
0.07419336120416675
0.09047749292477895
0.04888685561757472
0.04263698205416161
0.06575681508573492
0.05781524642245059
0.08804333164218647
0.10925844130205292
0.1270870279934735
0.11810224735193524
0.14263495906877136
0.1416669335394006
0.14109676963536993
0.12488469159493744
0.1333901586248455
0.14815803029298052
0.1539787145440189
0.1689376851030653
0.16746215104373322
0.1624465883494854
0.13957111127678237
0.13906986828422793
0.1623557380570849
0.1922674136377708
0.2160889868589203
0.22906491482867325
0.23086312406446227
0.21817541081542816
0.19621783497284043
0.17231480976540084
0.18679759948152053
0.23361369498610474
0.26517320690481333
0.2927039782708657
0.27182407486227
0.28588080803471844
0.24069375225593614
0.20622076544300488
0.19497412579756473
0.20702275423109198
0.22930927078754354
0.23681225183234272
0.25391716895326283
0.24279270728725783
0.22179375866793047
0.2062176326743014
0.2212423913761206
0.25434635826563756
0.3020083013201574
0.3291631404417939
0.31661013624700873
0.27310851003069075
0.20264940912105453
0.19376174430932372
0.20987044098254184
0.24058097258261138
0.27323382077882935
0.27817106425549054
0.2713196991010121
0.22143349026703196
0.20469823985312077
0.214450548827008
0.25268599085280097
0.2858024888171318
0.29018523223327963
0.2822373980325884
0.23293388417745278
0.17247144820057408
0.14144763973015803
0.1791254489267342
0.23973512503267577
0.27720617149482324
0.24856013447033729
0.18343927143140581
0.11259170720253991
0.08959091938169829
0.14336802694538223
0.19050366485771988
0.24726943376450963
0.2500012080739313
0.20917809909907603
0.17432918004172895
0.1564661328945703
0.2150896336425149
0.2623505823029912
0.29489691636329135
0.2855456017834477
0.2338423871014577
0.19568839706195482
0.15483709316876837
0.19467024723332862
0.24772368522651209
0.28392282759505266
0.3030953720602598
0.2771184539711262
0.23184994620605381
0.18773429732385663
0.23019897709932766
0.26827151515254044
0.29733421041458724
0.29620014814393286
0.2656619188225539
0.2537010079127237
0.21493299520734166
0.18478949474259931
0.1972673124885013
0.24054651212687325
0.24615730087477947
0.24003273805950498
0.2571063274933904
0.25548355330499545
0.20416253640482823
0.1788560308182362
0.19562260891918204
0.2599446159387299
0.2700039362455567
0.3056454457848805
0.3253536936983802
0.29216200928516617
0.27742859807276926
0.2659877267677143
0.3011499226954079
0.31945782299845865
0.32478666256305294
0.3079041720200789
0.2773722082361069
0.26332487336976884
0.25045545953593373
0.26074973749552044
0.28151999399949484
0.3144109326171762
0.32590506099019007
0.31836761948965275
0.28183640363854484
0.23981031148155893
0.2258882873633595
0.2321663558451038
0.2768239737130005
0.3282765668987132
0.36006163816407133
0.32239322727360553
0.2295661578212277
0.17547577338719722
0.20331668885489262
0.2687884219886122
0.32447338569270645
0.33360540646330755
0.28542968934141943
0.22473856124918778
0.1581578279944415
0.14749075055914243
0.16136891591549335
0.20796258484213154
0.2963505210416992
0.37411837133651976
0.3727900774062505
0.31320794943504554
0.22425611486885413
0.1075761445082921
0.06634264283328291
0.13298289869339502
0.255972265222736
0.32802907817113947
0.2944959219692478
0.2236483577403819
0.16396598117066602
0.13045788711840206
0.17749954196963577
0.25495098262540633
0.3298742789374805
0.32311376407540254
0.2875443082162585
0.2503050866381674
0.20374587816726736
0.2060672597765351
0.1926809391066282
0.19244284868516484
0.21368302049465904
0.2448759984750622
0.26036440694499424
0.23678405691401153
0.2011738750617224
0.17352719125364185
0.18380580536971125
0.19154061129856687
0.24383278649680828
0.2641299949265594
0.21788093055730243
0.1244555022825627
0.07631737838511617
0.095696685584752
0.1391732496514423
0.18234906792259992
0.20458232741109256
0.17876831329453918
0.14830840319074687
0.1235720615081855
0.11761040266549119
0.14181104089976002
0.19120540504729608
0.17086120508699296
0.137622529143227
0.132760472115449
0.11824322194359117
0.11307415358287357
0.11147330877540283
0.10271095471181062
0.11742870208069021
0.08209107110560256
0.10624785057802286
0.09908007578449443
0.08897063117841218
0.07641762698362706
0.06305950123205137
0.08384542157954308
0.07012076188966196
0.10047729062623992
0.06543100714057454
0.09091921331196755
0.042777956645817544
0.049284717242914805
0.03752743629880984
0.05316935043521167
0.07956919229931306
0.09195615975281453
0.11142631724485086
0.0938953435802595
0.0801236923598264
0.03510580609103123
0.06625492530958589
0.0644974420669419
0.09370737745805159
0.07818137576367797
0.0848071815715069
0.08119509925641151
0.043147623352826445
0.029062695262046825
0.059594659046018836
0.08461294991189205
0.05633344682571154
0.05277775434727852
0.02398134442502624
0.010162701674041166
0.006221678645081922
0.01719576741332058
0.02597378532043012
0.039710976085125096
0.050901225893902856
0.0702711347874283
0.0877801790710954
0.10735685069904954
0.12012601593437376
0.09389221081155603
0.08783343613905431
0.06989520254301247
0.07856357354550073
0.07185005021397477
0.09157396197099177
0.119339690989804
0.12143551325242223
0.09805252764975785
0.06562837156889284
0.07498281891743998
0.06100753773128165
0.04644956156627878
0.06876427304106153
0.09789275644588112
0.11631970195966353
0.10980354305645587
0.07363886114365341
0.033824503691313956
0.0380631397471024
0.03816338834561328
0.054093517202733914
0.053535884373517105
0.06814398483777541
0.03528124113842528
-0.012468419439791566
-0.07120156709235746
-0.09262657225535609
-0.06613588009885421
-0.059835882236185654
-0.04236129840825667
-0.0680092757835264
-0.1280832484411754
-0.18730824078018535
-0.16245285388689232
-0.14360925013554904
-0.09059653813551062
-0.06890524763271746
-0.05688481411752142
-0.10081562964621417
-0.14914798520327555
-0.16935434334062618
-0.14986538923636908
-0.13814883428540917
-0.15195807873028383
-0.11384794745262947
-0.1506454486435319
-0.1601314722776246
-0.22219475306197403
-0.27915788639708206
-0.29792943646824566
-0.21244557685679027
-0.11935848760202479
-0.11011055438939547
-0.1308870764307768
-0.1966626881287325
-0.2522317393907985
-0.27767295403163955
-0.23353224299981465
-0.16034450054946023
-0.12709642629958387
-0.1230144286789687
-0.18274692954794
-0.2172230491295747
-0.2098391132955072
-0.16819521892034406
-0.16015966719595578
-0.1579134720355712
-0.15763465562096282
-0.1636339076880987
-0.14430785755642178
-0.13320532527134105
-0.09633263763155545
-0.11466246731553043
-0.11900135196982975
-0.13748468732027455
-0.1288131835490828
-0.13488762206510188
-0.15235280758692046
-0.16040402315482608
-0.2116216586877789
-0.20656850276908953
-0.23519261041265122
-0.2107946077500641
-0.2189648685287014
-0.23368261589758096
-0.27077773011531264
-0.27722496810704406
-0.2809842905512023
-0.25154566304473963
-0.20695383331961573
-0.191211670584703
-0.20131798242208182
-0.22884562101943068
-0.22680305582477137
-0.2280780926870817
-0.21405581997037137
-0.18997735971553772
-0.16642833737158969
-0.14444883214807772
-0.1853408620344092
-0.2047233020027485
-0.2156472664717317
-0.20460112402331335
-0.2034263357595139
-0.19432564267594746
-0.17511237221759526
-0.1646614558228353
-0.15170745723400664
-0.15194554765546997
-0.13724033136140426
-0.16257503186632746
-0.17915990938247234
-0.17624016895084274
-0.14161680924014516
-0.10074357596603446
-0.08955019338855325
-0.08481971264632077
-0.10801786489548071
-0.15968348635302906
-0.18671614749523044
-0.17500585808167746
-0.17647199383489917
-0.13861561682222548
-0.10906734241114155
-0.0863391054675014
-0.12108151038893065
-0.1479982590891038
-0.15662277132974356
-0.163292435899421
-0.12639781887871113
-0.09544919685717825
-0.059084017747354
-0.06059087949372077
-0.09618539750249258
-0.15880004557865188
-0.20689117794554643
-0.2004470727225185
-0.1969696994616721
-0.1667854730037847
-0.16938567102766086
-0.19146855761838716
-0.21992976128936867
-0.2391367662103139
-0.24444054362528053
-0.2434787836333167
-0.20572892075656085
-0.19664075874780823
-0.18784707699718137
-0.19300048151438165
-0.21439102622164216
-0.2530932507842515
-0.2861063673813679
-0.28921407393520543
-0.2800319288653489
-0.2789323270504326
-0.24459404929175033
-0.23446580807344727
-0.2244660103719863
-0.22729176774251192
-0.24925874189121003
-0.2803170108173642
-0.2738760383630397
-0.26102855391012886
-0.2417244331593762
-0.22761444291896885
-0.19071356036085205
-0.18586716717659135
-0.21639286542315644
-0.25737261283318497
-0.2912817012794925
-0.2655460063805257
-0.23263940391932705
-0.1962930214217236
-0.18213917241946775
-0.18322937592827365
-0.20727650849607265
-0.2422382072267445
-0.2671562494941068
-0.2547504854283846
-0.23334427687760673
-0.1992190273907601
-0.1963274818774617
-0.21086039589283687
-0.23482920924304923
-0.27865351063582416
-0.2785877224930514
-0.260477186618319
-0.19608312591859142
-0.1622836843769052
-0.15668542670381286
-0.14976827340656165
-0.1616258029491775
-0.20247084130495702
-0.2763634567135911
-0.2227555186598943
-0.1538440054897699
-0.0967868890935579
-0.12735957887067495
-0.17427592297377006
-0.20200092599943723
-0.22758938076934113
-0.21889908038592862
-0.15389099702032188
-0.08816550962162162
-0.07803100286591164
-0.12245679584975189
-0.1350912520308271
-0.12824615241375562
-0.13175798613034012
-0.10236948292313292
-0.0876987270848053
-0.051537177940706294
-0.029103421255191872
-0.005266184190525031
-0.02479899705663066
-0.05593558520037146
-0.08357600347104507
-0.09696858967835888
-0.029682983465332935
0.004241768824491904
0.012036097358713365
-0.04988620883398012
-0.09551185223124756
-0.09301190280588231
-0.09562463190457231
-0.03445732296941393
0.0057360994960448134
0.0030168562614370045
-0.05566616709187345
-0.06634890837068984
-0.0982279626971519
-0.08424328320488317
-0.05623006545849719
-0.023032115507876278
0.02028781012364075
-0.017239626175169092
-0.020525900545104104
-0.01655981536651714
-0.0030168562614370045
0.046872485341246585
0.08124209078696348
0.07707550841135474
0.014003476104489522
-0.061283221377186586
-0.12316480157673503
-0.10555237592585358
-0.08415556568118614
-0.03172554865999226
-0.026590940755012768
-0.0509419518870479
-0.09435586057966888
-0.12358459258299936
-0.08611667888955536
-0.03962639133013154
0.0012719040936068782
-0.012621925106261362
-0.04039078689377705
-0.061242495384041536
-0.07117963771143321
-0.08135173769158477
-0.07143652474511736
-0.053291528414646815
-0.07549346021610481
-0.10949339895481282
-0.12773864388379425
-0.15121247977885913
-0.1524749855663556
-0.13609687078463945
-0.12446803335737656
-0.12267608965899446
-0.13945519883475416
-0.1334152207744732
-0.12993784751362683
-0.154915412386355
-0.14532600738504797
-0.10529548889216943
-0.08534915055720639
-0.09237595075907887
-0.13206186469457626
-0.16424479758527444
-0.17654718028378233
-0.16186389337064086
-0.13445216721532022
-0.1299754407380684
-0.15256270309005263
-0.17969248006206143
-0.19273106340588364
-0.21869545042020339
-0.23192826542364045
-0.2617992150111813
-0.2589170678039933
-0.2695716141644785
-0.24512035443393249
-0.24580016524258444
-0.26152353136527634
-0.2906112887769509
-0.28617528829284417
-0.2756303888369802
-0.24061856580705296
-0.21250823223085957
-0.1959954083948944
-0.17707975096337142
-0.20694443501350535
-0.19579177842916917
-0.22342279839373239
-0.23469136742009677
-0.2116404552999997
-0.2103622856689859
-0.22413706965812247
-0.24614790256866909
-0.29378165070485773
-0.3191132184410775
-0.2999312756697599
-0.26508235661241286
-0.20710420621738207
-0.20336681315414806
-0.22970399964418015
-0.2653925007140559
-0.2719399873042982
-0.23098216927519397
-0.2082194718758157
-0.16403490208214225
-0.19174110849558865
-0.20484547998218364
-0.21529326360824014
-0.21757078645565936
-0.16720839677875252
-0.12662337822536063
-0.09402691986580504
-0.128659677882613
-0.15850869808922963
-0.1839436471926637
-0.19512763146403453
-0.17497139762593933
-0.10663318112854908
-0.0683068888103556
-0.09772671970459747
-0.08929643912357256
-0.09132960601212149
-0.03800048437303309
-0.0498611466843524
0.07274915483186928
0.10901095257447918
0.028893525752059702
-0.1324158675580678
-0.059325240937520826
0.08257978302334314
0.1915907355978223
0.3420764130374775
0.3841526294937188
0.14704903017195384
-0.35133374455621724
-0.5573414817273865
-0.40600995673779566
0.0066164075017185395
0.27100015669325866
0.40223810321882353
0.3677118593379334
0.10944014188685391
-0.01665693119632456
0.0918151851611586
0.26344391858050054
0.3282327081368647
0.3307357903309334
0.2112801868991012
0.07624532470493646
0.09311215140439319
0.20584796596729252
0.2585098078725428
0.22310325598597894
0.2054344404984351
0.13613446400908102
0.041675222062197786
-0.04188198479662649
0.013981546723565266
0.14491248191619058
0.18835771829584622
0.2249327929088026
0.16266588215872796
0.06542160883446414
-0.03519978915213518
0.0069234188346581306
0.1668512611465575
0.29474341069682153
0.3436709923075413
0.2562510816373444
0.14710855277731968
0.08097580544716894
0.15792913587908855
0.21361096681447933
0.24501697306671813
0.21296874923026896
0.17976140097353766
0.06790589441631206
0.059691774875826255
0.14120641653999122
0.28422983892799225
0.3894971329018305
0.36984840759369664
0.33540674846780005
0.23845068986425502
0.20732350002662464
0.18249004251425585
0.19342340528934945
0.18204205658966033
0.21035602013157897
0.19162519605356043
0.13964629772566553
0.15513783896430103
0.21409341319481298
0.2643743508854297
0.26489125772150146
0.2504209990801956
0.23327848873483395
0.22899912668590047
0.21594487949856092
0.2556307934340583
0.26798956596922857
0.26430229720525
0.21798744469322023
0.2318875394304954
0.2245568606643868
0.20335741484803765
0.1893852664305828
0.17686985546023926
0.18533459649700226
0.18127139548860788
0.1912398655030342
0.15924489873454395
0.17005921629890586
0.1595205823804489
0.2383473084970407
0.2483721683481294
0.2589703248719522
0.23197525695419244
0.21996108897640332
0.16015026888984538
0.1622742860707948
0.24133283707144304
0.2857304351369521
0.3075627002314012
0.26918941638265576
0.2545750503809905
0.18406582517209885
0.19525294221217315
0.2702670888166478
0.31014410164305656
0.2848751892809061
0.23572831386094376
0.16880610881751978
0.11241000661773894
0.13227802573511535
0.23801523501447336
0.32048223836449174
0.345904656393112
0.31931998117550614
0.2699757413272255
0.23936859109437034
0.2738791711317432
0.34600177222291945
0.37082269866047435
0.32286000981042184
0.23179355636939145
0.16960809760560688
0.15532580508650895
0.20678779657833207
0.2658091589516168
0.35241454975891273
0.3873856467956949
0.40710642578400846
0.3687268763978561
0.35325099900273793
0.3679906757525418
0.3849671493566198
0.3951831080986199
0.38870140965115035
0.34599237391680904
0.3065194882531473
0.26740373822168056
0.2640046841784208
0.3255823858137331
0.36824756278622595
0.4040801712164611
0.4041083661347923
0.3702243398381125
0.32880287204089537
0.29012257685921033
0.309608398194764
0.32967064897175524
0.34693533729655207
0.3457135575022006
0.36423448607708697
0.33070446264389874
0.2888099467724584
0.28165470305374385
0.30636598258667747
0.320773585853914
0.321002277969267
0.34156890450751615
0.34254006280559035
0.29729974995884917
0.24506396459727012
0.21111728292652102
0.19453867094778307
0.23356983622425623
0.29366887103153294
0.3410050061408924
0.3009744876480138
0.2787506264656316
0.2429493457224311
0.2483439734297982
0.28055510123882754
0.3310177395142453
0.3350245506859773
0.31687955435550674
0.2978166567949209
0.26146400875991055
0.22150241117850822
0.18361470647879988
0.17998382755148368
0.20821320633840876
0.24481021033228942
0.2875317771414446
0.24689036875139034
0.17923822860005895
0.11910786610574757
0.1281490365839482
0.1955724846199266
0.3264689593568138
0.42175211947270835
0.38340389777359063
0.292584933060134
0.1985078888950735
0.15890969248327316
0.1750716462244502
0.231292313376837
0.26340632535605896
0.2398479047060005
0.20532166082511036
0.13281686195211137
0.11367877794264235
0.1029741072829017
0.11010428885198853
0.138928893692572
0.1776311182551813
0.18567293551697653
0.12875679371242044
0.07189077620711981
0.03319168441321398
0.07662438971805575
0.15041049099077203
0.18237413007222764
0.154464293693056
0.10128241218303048
0.07144279028252429
0.06540281222224335
0.061164176166454906
0.08393627187194358
0.08269256269666789
0.0501587597111816
-0.006447237991731418
-0.001412878685262813
0.03954180657513798
0.09050568784311014
0.08400519278341981
0.06601683488812253
0.03803181206006774
0.027076519904049877
0.045071143336754084
0.08431533688506286
0.09317167400975904
0.10061513244919239
0.05314428828558395
0.017499645977556707
-0.005435353700512152
0.0374773119995544
0.07529922855648997
0.09210339988187739
0.04635871127387829
-0.0011277967332474783
-0.045039815649719435
-0.07820643791330568
-0.059062088366429746
-0.035531862634702496
0.021425005162998622
-0.0058206842510383746
-0.020519635007697174
-0.03747417923085093
0.049764030854544984
0.10561503129992288
0.1263194996611245
0.1196185074044124
0.09814024517345488
0.10652666699263126
0.074215290585091
0.05859217306090996
0.06692533781212744
0.08738858298316224
0.05248640685785626
0.0405756202472815
0.04576661798892336
0.057188692681757546
0.07583806477348598
0.0793217035717393
0.04602037225390405
0.014532914015375145
0.02186672555018722
0.043100631822274464
0.0741526352110217
0.09709076765779402
0.08867615092028645
0.07235755874393612
0.052069748620295384
0.0592375234138238
0.053100429523735435
0.06664965416622251
0.07857610462031459
0.06952866860470704
0.06906188606789072
0.06168108300252667
0.07340390349089351
0.057104107926763986
0.049256522324583614
0.04299725045506011
0.036346382497603455
0.02473947445126482
0.019131818472062082
0.012271055011473258
-0.02369312970430744
-0.08525516749610243
-0.09617599919638217
-0.09665531280801236
-0.07559057604591224
-0.05796561932021692
-0.06698486041749328
-0.08111051450141794
-0.12037663743065098
-0.1498089993997067
-0.16781615390722476
-0.19314772164344451
-0.22051558903691668
-0.23514561888209923
-0.2744556005731808
-0.2657183086592163
-0.2583688332808869
-0.23823452882371593
-0.27129776972008784
-0.2669400884535677
-0.22430623916810957
-0.18691037915484526
-0.14452401859696087
-0.15772237314465984
-0.16119974640550624
-0.20822887018192607
-0.20545010434195243
-0.20339500807247926
-0.1658331113179313
-0.14634415721367416
-0.16910685461305244
-0.18727378032444725
-0.20860166965763843
-0.2191183741951712
-0.19842643690878342
-0.16093972660311862
-0.18351445788028897
-0.24064049518797723
-0.28167976520337157
-0.2951068118664235
-0.2840763332615225
-0.26294894112535305
-0.21989530083363054
-0.2687257666145429
-0.2892172067039089
-0.2987094958754085
-0.2642396418311807
-0.1755071010742319
-0.10722840718220747
-0.045979646260759
-0.10790508522215596
-0.1531328669940833
-0.22267719944230766
-0.19730803848164633
-0.17810416632940454
-0.1452978124667168
-0.16135011930327256
-0.21861713120261675
-0.25092224207275005
-0.2714042838560057
-0.265204534591848
-0.26376659375695743
-0.23333487857149635
-0.2376612321509818
-0.21236725763920364
-0.20590122303525143
-0.18488974334111022
-0.1976338464268067
-0.20758351982901224
-0.21484527768364461
-0.15586777407220845
-0.12924550563016102
-0.10664257943465948
-0.13576166453336866
-0.16119348086809931
-0.20360490357561142
-0.20879590131725329
-0.18189481646059746
-0.1301383447106486
-0.07200668864914803
-0.08465054313633365
-0.08528336241443361
-0.12389160391593895
-0.10879792430264354
-0.09567162343512428
-0.037489843074368256
-0.021277765033935758
-0.02850192966412655
-0.04265891143508587
-0.07569709018183005
-0.07467894035320385
-0.07203801633618268
-0.0591748680397545
-0.07704731349302356
-0.11301149820880425
-0.14300462577578024
-0.14101531764907985
-0.16300735394740568
-0.15163227078512345
-0.1538252088775491
-0.15783202004928112
-0.1724056600578013
-0.18446368679743894
-0.18129959040693908
-0.1851716925244221
-0.17786294313923773
-0.17722072555502735
-0.17092699322976573
-0.1490540021421716
-0.12456828195588744
-0.12740343763252346
-0.15485902254969264
-0.1694076004085851
-0.13830233995187896
-0.13371909933870935
-0.13910432873996606
-0.14818622521131172
-0.16545091353610852
-0.21633647558649408
-0.22299360908135765
-0.22474482678659471
-0.22455999343309027
-0.2271131999264144
-0.22903045437293512
-0.23118893200962265
-0.22457252450790413
-0.23034621722839052
-0.23991682561747676
-0.2559628669166256
-0.25228499645875746
-0.24559966804556266
-0.2289427368492381
-0.21126765582428733
-0.2112457264433631
-0.2128309074073165
-0.2537104062188341
-0.31590839605743254
-0.37322553225603217
-0.35050982638720585
-0.271285238645274
-0.17917870599469313
-0.1281740987335759
-0.12043616003601683
-0.19972966868942493
-0.2777512732492262
-0.30481839484716566
-0.30989661291548276
-0.27753197943998364
-0.25688076814674093
-0.2520249766563698
-0.26177102009285014
-0.2835218332010091
-0.27714351612075394
-0.28308637835122746
-0.2818019431828067
-0.23854154015665552
-0.20648078524539248
-0.1838527969002632
-0.18799431712624423
-0.21689410841571088
-0.2458283601609156
-0.22330375318300072
-0.1987961036157923
-0.16754673579872675
-0.1191235299492649
-0.13963063388214822
-0.23302473446985328
-0.3437211166067967
-0.36206974290299254
-0.3143263478621826
-0.19415334039725685
-0.17057299036627416
-0.11691492801332191
-0.15246245449154175
-0.16770963977130696
-0.20961981948626462
-0.1621583736287666
-0.08149584505194417
-0.04219839443567648
-0.061558905023091526
-0.08653020435841277
-0.09305262879902736
-0.1283996580802254
-0.1637341562866096
-0.18873365054026203
-0.15803565001500636
-0.15854315854496773
-0.09975988659314639
-0.04598277902946246
-0.03773419903323855
-0.08445317870801533
-0.09643601899876979
-0.07346969163366628
-0.0074089979836952395
0.029983729260865597
0.05637730558756006
0.053206943659653255
0.012791094616248484
-0.031778805727951165
-0.04351729005983534
-0.014479656947416236
-0.02415991224112376
-0.028677364711520603
-0.021352951482818922
-0.020469510708441732
-0.047950157775238623
-0.08228843553392087
-0.10053054769419884
-0.09027073019035024
-0.1032623220036205
-0.0918151851611586
-0.08413363630026188
-0.07373910974216429
-0.07450663807451327
-0.08626705178732169
-0.06580067384758342
-0.07582240092996866
-0.07070032409980304
-0.07752975987335721
-0.061605896553643506
-0.051111121397035025
-0.0771162344044998
-0.09395486618562535
-0.09772045416719054
-0.08775511692146767
-0.05407472059051312
-0.02389675967003268
0.014977767171267205
-0.03985195067678103
-0.08288366158757926
-0.10645148054374809
-0.11374143331671166
-0.050519028112080096
-0.024025203186874754
-0.010842512482693118
-0.04512126763600953
-0.07141146259548964
-0.13630050075036468
-0.18253703404480784
-0.21697556040200097
-0.18893728050598727
-0.16437637387081996
-0.12376942593650382
-0.12906380504536002
-0.15584584469128418
-0.1988242985341235
-0.24349444747683405
-0.2292497481821777
-0.1554385847598337
-0.09297430958144073
-0.1090454130302173
-0.1640474331569561
-0.24288982311706525
-0.278214923017339
-0.28029508143643994
-0.2666738031137732
-0.22290275878895716
-0.18987711111702685
-0.17422893144321808
-0.15224316068229918
-0.12615972845724777
-0.1387315292642537
-0.218053232835993
-0.29950835189479214
-0.36247073729703605
-0.3421641305611745
-0.2488295525788353
-0.1756606067407017
-0.20578217782451974
-0.2865950792991085
-0.337978751573345
-0.3252095863380208
-0.3016918916811074
-0.2542868356602717
-0.1774964092009323
-0.18438850034855578
-0.2393184667951149
-0.30207408946293013
-0.3205605575820784
-0.28366907333007196
-0.2416774416288242
-0.19176930341391982
-0.21812528651617272
-0.20524334160752372
-0.25175242577916834
-0.24066555733760495
-0.2060296665520935
-0.1509179995207334
-0.09126695063805218
-0.14611233232961776
-0.1786586663899179
-0.20717625989756178
-0.14150716233552388
-0.06960072228488674
-0.047430118170463394
-0.049081087277189565
-0.11518563968900912
-0.19051619593253374
-0.20196959831240258
-0.1606358480388825
-0.09096933761122299
-0.07303423678388461
-0.09765466602441776
-0.17378094551862255
-0.21483901214623768
-0.17370889183844285
