0.0016760312563538914
-0.0019611132083692264
0.0010933362775093609
0.0038188450495241
0.012089354426672274
0.0021992036298325826
0.0029886613431058177
0.0026534550918350394
0.005620187054016601
0.0024686217383305914
0.0032330173019761046
0.004269963742823091
0.006030579754170544
0.0020550962694731827
-0.0011528588828752001
-0.006666531800973983
-0.009673989756300592
-0.006914020528547735
-0.003756189675454796
0.0015162600524771654
0.002133415487059813
-0.002026901351141996
-0.0016353052632088435
0.006957879290396248
0.001509994515070235
0.0006547486590242305
0.007521777657019987
0.005826949788445304
0.00683883407966457
0.002058229038176648
-0.003342664206597387
-0.0011027345836197567
-0.004473593708548331
0.003872102117483009
0.004808799959819109
0.008677769308598652
0.0049435090140681134
0.001209248719537574
-0.00041665823756087395
-0.00029761302682919567
0.006672797338380914
0.007549972575351174
0.010610687598636691
0.011397012543206462
0.005811285944927979
0.0026127290986899913
-0.0008677769308598652
0.003295672676045409
0.008865735430806565
0.014724012906286523
0.010178365517558493
0.0035400286349156957
-0.007368271990550191
-0.012214665174810884
0.0015068617463667696
0.00812326924808531
0.007506113813502661
-0.005040624843875535
-0.007148978181307626
-0.010851910788803513
-0.0028445539827464178
-0.0005325706795890869
0.003442912805108274
0.0008583786247494696
-0.006654000726160122
-0.007546839806647709
-0.013486569268417762
-0.00591466731214233
-0.002264991772605352
-0.0011779210325029218
-0.01289134321475937
-0.01813246525565668
-0.012816156765876205
-0.009514218552423865
-0.003731127525827074
-0.0016666329502434958
-0.0002130282718356348
-0.008734159145261027
-0.010090647993861467
-0.01604917406785231
-0.020087312926618976
-0.018285970922126474
-0.004974836701102765
-0.004025607783952804
-0.005814418713631444
-0.009479758096685748
-0.012791094616248484
-0.019332315669083857
-0.016976473604078016
-0.009874486953322366
-0.0005638983666237391
0.0004448531558920609
-0.009934009558688206
-0.02244942052903175
-0.026728782577965238
-0.02575762427989102
-0.012672049405516805
-0.0024404268199994046
-0.0022242657794603045
-0.010632616979560949
-0.015416354789752335
-0.01593012885712063
-0.018170058480098263
-0.014655091994810288
-0.010109444606082258
-0.006603876426904679
-0.011400145311909927
-0.016202679734322104
-0.022045293366284736
-0.02145946561873674
-0.017493380440149774
-0.01713624480795474
-0.01667886057724882
-0.014034803791524175
-0.017966428514373023
-0.017355538617197304
-0.01706419112777504
-0.014918244565901366
-0.013345594676761828
-0.008740424682667957
-0.012054893970934157
-0.009298057511884766
-0.00626240463822697
-0.001541322202104887
-0.006607009195608144
-0.005498009074581457
-0.0072304301675977225
-0.017308547086645327
-0.010638882516967879
-0.004035006090063201
0.003066980560692448
0.00020676273442870436
-0.0040412716274701305
-0.008637043315453605
-0.007935303125877397
-0.0011246639645440132
-0.0007894577132732348
0.013799846138764284
0.01207995612056188
0.00726489062333584
-0.006976675902617039
-0.01209248719537574
-0.006516158903207653
0.0018483335350444783
0.011331224400433692
0.0045393818513211
0.002446692357406335
-0.0056922407341963
-0.01158811143411784
-0.008718495301743701
0.0005388362169960174
0.0039504213350696395
0.0072993510790739565
0.007089455575941787
-0.0015444549708083523
0.0005920932849549261
0.002822624601822161
0.010986619843052518
0.013806111676171214
0.01868383254746656
0.013427046663051922
0.010059320306826814
0.004758675660563666
0.0047022858239012914
0.00886886819951003
0.015619984755477575
0.014000343335786057
0.004204175600050322
0.0008364492438252131
0.00032580794516038264
0.0033144692882662
0.011043009679714891
0.016967075297967617
0.017847383303641346
0.008402085662693714
0.0007675283323489783
-0.005065686993503257
0.0019517149022588306
0.007681548860896713
0.011970309215940597
0.005407158782180965
-0.0021929380924256524
-0.006560017665056166
-0.002114618874839022
0.007571901956275431
0.01130616225080597
0.012073690583154948
0.00820785400307887
0.004783737810191388
-0.002308850534453865
0.0043482829604097216
0.008295571526775895
0.00827990768325857
0.014417001573346931
0.006729187175043287
-0.0017982092357890348
-0.004476726477251796
0.0022493279290880263
0.00603997806028094
0.007788062996814531
0.004169715144312205
0.0038094467434137045
0.0026471895544281088
-0.0019548476709622957
-0.0060431108289844045
-0.0037655879815651915
0.0012061159508341087
-0.0011779210325029218
0.0009053701553014479
-1.253107481386087e-05
0.0020958222626182303
0.006848232385774966
0.0022305313168672347
0.002139681024466744
0.0026565878605385044
0.004529983545210704
0.0019767770518865522
0.004909048558329996
0.00864017608415707
0.007427794595916031
0.0017543504739405218
-0.006785577011705661
-0.0036089495463919306
-0.0033144692882662
0.003762455212861726
0.00848980318639074
0.007916506513656605
-0.0023934352894474263
-0.003859571042669148
-0.006932817140768526
-0.0024874183505513825
-0.002606463561283061
0.00036340116960196524
0.0004511186932989913
-0.0015037289776633044
-0.002073892881693974
-0.000632819278099974
0.003900297035814196
0.004357681266520118
0.003969217947290431
0.000993087678998474
0.002271257310012283
-0.0005576328292168087
-0.006068172978612126
-0.011816803549470801
-0.0007737938697559087
0.002490551119254848
0.007387068602770983
0.0029667319621815612
-0.0005670311353272044
-0.010598156523822832
-0.010544899455863923
0.003919093648034987
0.010588758217712435
0.015457080782897384
0.0013784182295246957
-0.015084281307185022
-0.015291044041613727
-0.013000990119380653
0.006942215446878922
0.008533661948239252
0.006669664569677448
-0.0040412716274701305
-0.011058673523232218
-0.018605513329879926
-0.007938435894580861
0.009241667675222392
0.015973987618969145
0.011682094495221796
-0.0026252601735038523
-0.0106639446665956
-0.013853103206723193
-0.0021052205687286264
-0.0011779210325029218
0.004075732083208248
-0.006090102359536383
-0.008605715628418952
-0.010573094374195109
-0.004498655858176053
0.0050531559186893955
0.006202882032861131
0.008555591329163508
0.0023715059085231698
-0.009388907804285257
-0.015961456544155282
-0.014247832063359809
0.0012938334745311347
0.008637043315453605
0.00872476083915063
0.002919740431629583
-0.0036371444647231178
-0.008922125267468939
-0.004097661464132505
9.085029240049131e-05
0.004210441137457253
0.004614568300204265
0.008132667554195705
0.0012029831821306436
0.0006954746521692783
-0.007543707037944244
-0.002315116071860796
0.0032298845332726393
0.005169068360717609
0.0017668815487543827
-0.0015444549708083523
0.0024811528131444523
0.0064848312161730004
0.009031772172090223
0.00890959419265508
0.0025438081872137565
-0.006487963984876465
-0.009147684614118435
-0.010670210204002531
0.0009523616858534261
-0.0008803080056737261
-0.0016979606372781479
-0.00568597519678937
-0.010648280823078275
-0.013696464771549932
-0.009100693083566458
-0.0006140226658791826
-0.0029855285744023524
-0.005306910183670079
-0.008608848397122417
-0.012527942045157406
-0.015776623190650835
-0.006497362290986861
-0.0037781190563790524
0.001857731841154874
-0.001597712038767261
-0.009959071708315927
-0.016421973543564672
-0.020281544586233817
0.0028915455132983957
0.0035494269410260913
0.004614568300204265
-0.015576125993629062
-0.02705459052312562
-0.024927440573472737
-0.015228388667544423
-0.003471107723439461
-0.0017762798548647783
-0.007537441500537314
-0.02497129933532125
-0.030234350757142814
-0.020193827062536793
-0.010529235612346597
-0.0013345594676761826
0.0019266527526311087
-0.006494229522283396
-0.016616205203179513
-0.022508943134397587
-0.025325302198812818
-0.010319340109214427
0.0006014915910653218
-0.0013470905424900436
-0.010206560435889678
-0.014213371607621691
-0.019542211172216026
-0.015638781367698366
-0.009545546239458517
-0.007261757854632374
-0.009905814640357018
-0.008818743900254588
-0.016152555435066662
-0.015322371728648379
-0.01669765718946961
-0.00934818181114021
-0.007396466908881379
-0.003984881790807757
-0.01510621068810928
-0.0164282390809716
-0.012152009800741579
-0.006466034603952209
-0.0050280937690616746
-0.007640822867751666
-0.009103825852269922
-0.015375628796607288
-0.011747882637994566
-0.008082543254940261
-0.0026597206292419697
-0.0034147178867770874
-0.010385128251987195
-0.012477817745901962
-0.01643450461837853
-0.01727408663090721
-0.006563150433759631
0.0019454493648519001
0.008818743900254588
-0.0014755340593321175
-0.0006359520468034391
-0.005341370639408196
-0.0007362006453143262
0.005438486469215618
0.012365038072577213
0.008204721234375404
0.0035901529341711394
0.0012280453317583652
-0.004887119177405739
-0.0015757826578430044
0.004298158661154279
0.008095074329754122
0.010798653720844605
0.010808052026955001
0.004912181327033461
-0.00010964690462128261
0.0035462941723226264
0.012427693446646518
0.017487114902742844
0.01405673317244843
0.01274097031699304
0.013956484573937545
0.012111283807596532
0.014817995967390479
0.019044100948365058
0.02187299108759415
0.016387513087826554
0.013912625812089031
0.01533490280346224
0.01732734369886612
0.021913717080739196
0.024589101553498492
0.02656274583668158
0.026600339061123163
0.015206459286620165
0.01473967674980385
0.014225902682435553
0.023643005405051997
0.029958667111237874
0.036149018069285145
0.0366659249053569
0.02941983089424186
0.01935111228130465
0.015469611857711245
0.029153545554447314
0.03131828872854178
0.03541595019267429
0.03306950643377884
0.028329627385435964
0.02987721512494778
0.03050690163434429
0.03604876947077426
0.04117084630093989
0.04603603609742137
0.04170968251793591
0.0412241033688988
0.04160003561331462
0.04543767727505951
0.05002091788822913
0.05458849465788142
0.05334791825130919
0.055171189636725945
0.057038319783991216
0.060111565882090594
0.05863289905405501
0.06265224130060089
0.059829616698778725
0.060211814480601485
0.05721375483138527
0.059726235331564376
0.06148998411161529
0.062082077396570214
0.053297793952053744
0.045118134867306064
0.030804514661173486
0.015432018633269661
0.010341269490138683
0.02360854494931388
0.02624946896633506
0.026600339061123163
0.013120035330112332
-0.002634658479614248
-0.012753501391806902
-0.014454594797788513
-0.004890251946109205
-0.001281302399717274
-0.0002098955031321696
-0.01341451558823806
-0.028360955072470613
-0.027292680944588976
-0.035597650777475266
-0.03980182637752559
-0.036280594354830685
-0.02901883650019831
-0.023179355636939146
-0.02733027416903056
-0.024589101553498492
-0.035525597097295566
-0.031872788789055126
-0.038934049446665724
-0.030654141763407153
-0.02613668929301031
-0.02757149735919738
-0.036537481388514835
-0.04051609764191566
-0.04226418257844925
-0.04372405279426404
-0.040393919662480515
-0.04632425081814017
-0.0556348394048388
-0.05657780278458183
-0.05890544993125649
-0.05604209933628928
-0.057260746361937245
-0.06506760597097257
-0.08801513672385529
-0.10380742375802345
-0.09890150796839692
-0.07218212369654207
-0.04894011268553363
-0.034106452874625826
-0.04817571712188812
-0.06685954966935467
-0.0853209556388752
-0.08997938270092798
-0.07751722879854335
-0.055894859207226415
-0.037496108611775186
-0.03811013127765437
-0.04649968586553423
-0.0637863035712553
-0.0663081823775448
-0.06091668743888116
-0.05291559617023099
-0.04484558399010459
-0.04947268336512271
-0.055177455174132875
-0.061834588668996465
-0.06248933732802069
-0.06154950671698113
-0.05647128864866401
-0.04933170877346678
-0.046446428797575316
-0.04679103335495649
-0.04161569945683195
-0.04273096511526557
-0.03658447291906681
-0.03704812268717966
-0.03573235983172427
-0.0405756202472815
-0.04402166582109324
-0.037950360073777646
-0.03008711062807995
-0.023937485663177726
-0.021841663400559496
-0.024363542206848998
-0.02942609643164879
-0.02641863847632218
-0.03327313639950408
-0.023859166445591096
-0.018267174309905685
-0.009840026497584248
-0.004623966606314661
-0.0046114355315008005
-0.011638235733373282
-0.025591587538607363
-0.013220283928623218
-0.004009943940435479
0.01468641968184494
0.020059118008287788
0.019921276185335318
0.009561210082975844
0.007252359548521979
0.00741526352110217
0.013279806533989058
0.020269013511419957
0.027693675338632522
0.03194797523793829
0.030444246260274983
0.0319918339997868
0.03115538475596159
0.03902176697036275
0.04831982448224752
0.05718555991305408
0.05551579419410712
0.05413737596458242
0.05190057911030826
0.06094488235721234
0.06944721661841695
0.06841027017756995
0.06447864545472111
0.06032772692262969
0.06484517939302654
0.0686232984494056
0.07448784146229248
0.07683115245248447
0.06777118536206306
0.06585079814683888
0.06308143061297562
0.06330698995962512
0.06357014253071619
0.06920599342825012
0.06827869389202441
0.06785263734835315
0.06941588893138229
0.06657446771733934
0.06963204997192139
0.07321907013738907
0.08030226017592393
0.07802160455980124
0.07951593523135415
0.07602289812699044
0.07150231288789012
0.0714866490443728
0.0687580075036546
0.07162762363602873
0.06670917677158834
0.065299430855029
0.06281827804188454
0.06565343371852056
0.06419356350270577
0.06252066501505535
0.05324140411539137
0.04283434648247992
0.04382116862407146
0.04565070554689515
0.05005537834396725
0.0476995362789614
0.04495836366342934
0.03590779487911833
0.037467913693444
0.03554752647821982
0.03531883436286686
0.032659113733624894
0.02590173164025042
0.028761949466514163
0.030312669974729447
0.029567071023304723
0.025246982981226188
0.024319683445000483
0.02511540669568065
0.027483779835500353
0.026277663884666246
0.024986963178838577
0.023348525146926268
0.020463245171034802
0.01624340572746715
0.009915212946467413
0.011663297883001005
0.01338318790120341
0.011807405243360405
0.0007957232506801652
-0.0017324210930162653
-0.007947834200691256
-0.010648280823078275
-0.009758574511294152
-0.004730480742232478
-0.008765486832295678
-0.015103077919405813
-0.018044747731959652
-0.02732400863162363
-0.02880894099706614
-0.028016350515089442
-0.030838975116911603
-0.02944489304386958
-0.035970450253187625
-0.04061947900913001
-0.044560502038089256
-0.03296925783526795
-0.035970450253187625
-0.03683509441534403
-0.04098288017873197
-0.042351900102146275
-0.03981749022104292
-0.040346928131928535
-0.03730814248956728
-0.03909382065054245
-0.04326040302615119
-0.05066626824114297
-0.049171937569590055
-0.048554782135007406
-0.04398407259665166
-0.04022788292119686
-0.042405157170105186
-0.051189440614621655
-0.05855771260517185
-0.05454776866473637
-0.04796582161875595
-0.044350606534957086
-0.04099541125354584
-0.04256492837398191
-0.04858610982204206
-0.04706671700086143
-0.04427542008607392
-0.051368008430719175
-0.05249580516396665
-0.043034843679501694
-0.03376811385465158
-0.025983183626540514
-0.02941356535683493
-0.03527497560101835
-0.03903116527647314
-0.043028578142094764
-0.03758382613547222
-0.029758169914216103
-0.022067222747208994
-0.023335994072112405
-0.02972057668977452
-0.040951552491697324
-0.03743345323770589
-0.028677364711520603
-0.022117347046464435
-0.016616205203179513
-0.018323564146568057
-0.02728328263847858
-0.024266426377041576
-0.02085797402767142
-0.006954746521692783
0.0027129776972008783
0.005482345231064131
-0.004248034361898835
-0.005040624843875535
-0.0028570850575602783
0.0017794126235682437
0.0076376900990482
0.014630029845182566
0.01785051607234481
0.009880752490729297
0.010983487074349053
0.009323119661512487
0.01180427247465694
0.014661357532217218
0.018712027465797743
0.02157224529206149
0.02509661008345986
0.02739606231180333
0.026377912483177134
0.024824059206258384
0.021233906272087245
0.024307152370186623
0.027408593386617188
0.027474381529389958
0.028611576568747833
0.02087677063989221
0.02641863847632218
0.022339773624410468
0.029651655778298286
0.02833276015413943
0.034425995282379274
0.03329506578042833
0.03687582040848907
0.03397174382037682
0.03683509441534403
0.04462942294956549
0.049002768059602936
0.050525293649487026
0.04573215753318525
0.042943993387101205
0.036424701715190085
0.03450744726866937
0.04826030187688168
0.05443185622270816
0.047812315952286154
0.0330726392024823
0.034717342771801545
0.04382116862407146
0.04903096297793412
0.05165935592014144
0.048974573141271745
0.04353608667205613
0.03266224650232836
0.03034713043046756
0.030437980722868054
0.042837479251183384
0.07549346021610481
0.06183772143769993
0.03009964170289381
0.0012719040936068782
0.005353901714222057
0.019413767655373955
0.03992400435696073
0.05823503742871493
0.041944640170695796
0.02878387884743842
0.004815065497226039
0.009332517967622883
0.02945115858127651
0.04828223125780593
0.05654647509754718
0.04995199697675289
0.03538148973693617
0.019470157492036327
0.012095619964079206
0.022405561767183235
0.034519978343483235
0.04315075612152991
0.036393374028155435
0.027959960678427067
0.019122420165951688
0.014028538254117245
0.017245891712576022
0.02508721177734946
0.022367968542741652
0.014805464892576618
0.0036904015326820264
0.0038094467434137045
0.014946439484232552
0.02151898822410258
0.02292560137195846
0.0064848312161730004
0.0005638983666237391
-0.000764395563645513
0.00971471574944564
0.015303575116427588
0.0157077022791746
0.011340622706544087
0.0012468419439791566
-0.0057141701151205565
-0.01295713135753214
-0.008884532043027357
0.0001253107481386087
0.00879681451933033
0.013013521194194513
0.001528791127291026
-0.01624340572746715
-0.027875375923433508
-0.023827838758556444
-0.019156880621689805
-0.0043921417222582354
0.0020550962694731827
-0.0007894577132732348
-0.016537885985592884
-0.024589101553498492
-0.028602178262637435
-0.02008418015791551
-0.010782989877327278
-0.008781150675813004
-0.013295470377506384
-0.02293499967806886
-0.051176909539807795
-0.07396780185751725
-0.08291812204331737
-0.05478585908619973
0.007835054527366509
0.044284818392184316
0.04202609215698589
-0.011071204598046079
-0.06954433244822436
-0.10199041791001362
-0.07971643242837592
-0.02433534728851781
0.019968267715887295
0.020535298851214502
-0.02463609308405047
-0.06889898209531053
-0.0858691901619816
-0.07420589227898061
-0.03672544751072274
-0.0025814014116553393
-0.004849525952964157
-0.035951653640966835
-0.07348535547718361
-0.08641742468508802
-0.07730733329541117
-0.03679750119090244
-0.01008124968775107
-0.007888311595325418
-0.02164116620353772
-0.051255228757394425
-0.058930512080884206
-0.05633344682571154
-0.034400933132751554
-0.011910786610574757
-0.020397457028262032
-0.036051902239477726
-0.06019928340578762
-0.05581653998963978
-0.04926592063069401
-0.031490591007232366
-0.020460112402331337
-0.025071547933832136
-0.033658466950030295
-0.04535935805747288
-0.047116841300116875
-0.04961992349418558
-0.04113951861390524
-0.02713290974071225
-0.0283891499908018
-0.02691674870017315
-0.03834822169911773
-0.048416940312054936
-0.04866442903962869
-0.03382137092261049
-0.01578602149676123
-0.013182690704181635
-0.024244496996117318
-0.03790650131192913
-0.03721415942846332
-0.02487731627421729
-0.014871253035349388
0.0022242657794603045
0.00045425146200245655
-0.006534955515428444
-0.008176526316044219
-0.000993087678998474
0.012220930712217814
0.021647431740944655
0.030481839484716566
0.0227689629367852
0.017020332365926528
0.014783535511652362
0.01951401625388484
0.022433756685514422
0.01496836886515681
0.01144400407375844
0.010986619843052518
0.013223416697326682
0.024573437709981168
0.02068567174898083
0.01568890566695381
-0.00042292377496780436
-0.008580653478791231
-0.0043702123413339785
0.013812377213578144
0.026985669611649384
0.03002132248530718
0.029648523009594818
0.01791630421511758
0.013799846138764284
0.019354245050008115
0.028962446663535937
0.03691654640163412
0.03280948663139122
0.02285354769177876
0.02129656164615655
0.018784081145977443
0.025939324864692002
0.01936990889352544
0.01762182395699185
0.007455989514247217
0.020657476830649644
0.04198849893254431
0.051991429402708754
0.04933797431087371
0.028627240412265158
0.01463316261388603
0.011086868441563405
0.022111081509057506
0.03448865065644858
0.038692826256498905
0.025190593144563813
0.0019015906030033871
-0.012020433515196039
-0.01570143674176767
0.006503627828393792
0.009962204477019392
0.02070760112990509
0.010902035088058957
0.014413868804643466
0.005792489332707187
0.016017846380817657
0.02144693454392288
0.01990247957311453
0.018389352289340827
0.011559916515786653
0.004442266021513678
-0.0031296359347617523
-0.0001973644283183087
0.013668269853218744
0.008665238233784792
0.005529336761616109
0.005886472393811144
0.0034397800364048088
0.0050970146805379086
0.004520585239100309
0.01769387763717155
0.026731915346668703
0.03137781133390762
0.029025102037605242
0.030973684171160604
0.01751530982107403
0.021769609720379796
0.017866179915862136
0.018141863561767075
0.019526547328698702
0.022747033555860944
0.020716999436015484
-0.0007988560193836305
0.0008145198629009566
-0.012148877032038114
-0.008408351200100644
-0.001469268521925187
0.0063313255497032045
0.0179507646708557
0.0029103421255191873
0.0033614608188181783
0.0016353052632088435
0.011591244202821305
0.012750368623103435
0.014755340593321174
0.015209592055323632
-0.000720536801797
-0.007750469772372948
-0.010613820367340158
0.0006860763460588826
-0.00208329118780437
0.004125856382463692
-0.0022054691672395133
-0.01317329239807124
-0.01474594228721078
-0.009981001089240183
-0.003612082315095396
0.0017794126235682437
0.001466135753221722
-0.006560017665056166
-0.010635749748264414
-0.0045237180078037745
-0.0019767770518865522
0.006403379229882905
0.005707904577713627
0.0033614608188181783
-0.0030105907240300742
-0.006425308610807161
0.00036966670700889565
0.0016039775761741914
0.0011967176447237131
-0.006049376366391335
0.0010933362775093609
0.00921033998818774
0.015873739020458258
0.01857731841154874
0.014044202097634571
0.008655839927674396
-0.0017950764670855697
0.004636497681128522
0.004949774551475044
0.01639691139393695
0.012029831821306436
0.012239727324438605
0.0012969662432346
0.002650322323131574
0.0005513672918098783
0.008179659084747683
0.01643450461837853
0.014232168219842483
0.003467974954735996
0.004811932728522574
0.002058229038176648
0.00920407445078081
0.018737089615425466
0.02455150832905691
0.020284677354937285
0.018370555677120037
0.014551710627595936
0.01473967674980385
0.01746205275311512
0.020146835531984816
0.01868069977876309
0.014861854729238993
0.023389251140071315
0.02151272268669565
0.02683216394517959
0.018574185642845274
0.01359934894174251
0.008618246703232814
0.00027568364590493916
0.00762515902423434
0.01977090328756899
0.023893626901329214
0.03131515595983832
0.025033954709390554
0.031196110749106637
0.02186046001278029
0.0373958600132643
0.03779058886990092
0.04508680718027141
0.040290538295266166
0.03483638798253322
0.028567717806899318
0.03457010264273867
0.03052569824656508
0.03057268977711706
0.017715807018095806
0.024134850091496036
0.023843502602073772
0.03700426392533115
0.04351729005983534
0.0394854167384756
0.023577217262279227
0.021061603993396658
0.01439193942371921
0.018671301472652696
0.021471996693550603
0.022700042025308967
0.02901883650019831
0.02887472913983891
0.03165662774851603
0.017343007542383444
0.010870707401024304
0.010761060496403022
0.028752551160403768
0.03783444763174943
0.03577308582486932
0.027543302440866193
0.022170604114423346
0.00877175236970261
0.011866927848726245
0.011281100101178249
0.022026496754063946
0.025839076266181114
0.0207514598917536
0.0067730459368918
-0.007455989514247217
-0.009332517967622883
-0.002077025650397439
0.00883754051247538
0.01194837983501634
0.01007498415034414
0.0017261555556093348
-0.0005607655979202739
-0.0032768760638246176
0.0010870707401024304
-0.0025156132688825697
-0.007020534664465552
0.013605614479149439
-0.007214766324080396
-0.005773692720486396
-0.0126093940314475
-0.002315116071860796
-0.00018483335350444783
-0.005018695462951279
-0.005394627707367105
-0.007252359548521979
-0.004072599314504783
0.0003446045573811739
0.008611981165825884
0.004432867715403283
0.010335003952731753
-0.004009943940435479
-0.015942659931934493
-0.0400618461799132
-0.03907502403832166
-0.02051023670158678
0.007647088405158596
0.02109293168043131
0.015964589312858747
-0.01991501064792839
-0.032280048720505605
-0.023787112765411397
-0.005895870699921539
0.01961113208369226
0.02751197475383154
0.017991490664000746
-0.003455443879922135
-0.013170159629367774
-0.014479656947416236
-0.0030763788668028437
0.016957676991857223
0.03325747255598675
0.026869757169621172
0.00916334845763576
0.0012343108691652957
0.014119388546517736
0.01739939737904582
0.010410190401614918
0.004783737810191388
0.001989308126700413
0.00944529764094763
0.007750469772372948
0.007543707037944244
-0.0028915455132983957
-0.013314266989727175
-0.008897063117841218
-0.00018483335350444783
0.0008427147812321435
-0.0035087009478810436
-0.004367079572630514
-0.012042362896120297
-0.011816803549470801
-0.014786668280355826
-0.024849121355886107
-0.04164076160645967
-0.0355945180087718
-0.021941911999070383
-0.010187763823668887
-0.010328738415324822
-0.022584129583280755
-0.03301311659711646
-0.02625573450374199
-0.028505062432830016
-0.019300987982049204
0.011149523815632709
-0.006979808671320505
-0.016766578100945843
-0.027154839121636506
-0.037975422223405365
-0.027214361727002347
-0.01440447049853307
-0.0026722517040558306
-0.004013076709138944
-0.008737291913964492
-0.02733027416903056
-0.038125795121171695
-0.029642257472187888
-0.015992784231189935
-0.006149624964902222
-0.009417102722616444
-0.02728328263847858
-0.03209208259829769
-0.01915374785298634
-0.012117549345003462
-0.004081997620615179
-0.00510954575535177
-0.021960708611291176
-0.03061028300155864
-0.031346483646872966
-0.023082239807131723
-0.01948895410425712
-0.011497261141717348
-0.005432220931808687
-0.0274524521484657
-0.0319918339997868
-0.03182893002720661
-0.008433413349728365
-0.00991834571517088
-0.0164282390809716
-0.03985195067678103
-0.044184569793673426
-0.03442286251367581
-0.018874931438377936
-0.007449723976840288
-0.00934818181114021
-0.0252908417430747
-0.026587807986309303
-0.02806334204564142
-0.024112920710571778
-0.014225902682435553
-0.01690755269260178
-0.02581401411655339
-0.038219778182275656
-0.035688501069875755
-0.029166076629261177
-0.02042565194659322
-0.016400044162640414
-0.021124259367465963
-0.022872344303999554
-0.027612223352342428
-0.028887260214652773
-0.021352951482818922
-0.011945247066312874
-0.01348030373101083
-0.018896860819302193
-0.01951401625388484
-0.025456878484358358
-0.022981991208620836
-0.015566727687518666
-0.018166925711394798
-0.022499544828287192
-0.017888109296786393
-0.017458919984411656
-0.011011681992680239
-0.008687167614709048
-0.014886916878866714
-0.02178840633260059
-0.024526446179429187
-0.018069809881587375
-0.0069234188346581306
-0.008872000968213497
-0.014138185158738527
-0.021888654931111477
-0.021268366727825363
-0.022364835774038187
-0.01684803008723594
-0.008138933091602634
-0.007534308731833848
-0.016691391652062678
-0.018840470982639818
-0.022681245413088174
-0.019927541722742248
-0.01224286009314207
-0.015563594918815201
-0.02345817205154755
-0.024501384029801468
-0.02074519435434667
-0.016550417060406743
-0.020566626538249155
-0.021199445816349128
-0.01764688610661957
-0.02188552216240801
-0.03035026319917103
-0.024244496996117318
-0.028176121718966166
-0.030206155838811626
-0.026753844727592957
-0.026061502844127143
-0.026603471829826628
-0.026675525510006327
-0.022762697399378272
-0.020738928816939742
-0.016165086509880522
-0.024980697641431644
-0.021190047510238733
-0.0253722937293648
-0.010049922000716418
-0.0028978110507053264
-0.0016635001815400305
-0.017186369107210185
-0.022295914862561952
-0.020331668885489262
-0.021744547570752074
-0.011124461666004988
-0.0033207348256731307
-0.0035901529341711394
-0.006657133494863588
-0.020190694293833328
-0.021168118129314475
-0.015168866062178583
-0.009401438879099118
-0.006362653236737857
-0.004774339504080991
0.0035650907845434176
-0.005106412986648305
-0.010811184795658466
-0.02275016632456441
-0.026644197822971675
-0.015460213551600849
0.008142065860306101
0.012969662432346001
0.008417749506211039
-0.004645895987238918
-0.015557329381408271
-0.026374779714473665
-0.01598965146248647
-0.0061966164954542005
0.0073212804599982135
0.00683256854225764
0.0013314266989727175
-0.013408250050831131
-0.03139974071483188
-0.02360227941190695
-0.004232370518381509
0.01132495886302676
0.008671503771191722
-0.0011967176447237131
-0.013304868683616779
-0.025804615810442997
-0.02460476539701582
-0.010325605646621357
-0.004727347973529013
-0.006553752127649235
-0.011337489937840622
-0.02191684984944266
-0.030011924179196785
-0.0207514598917536
-0.011127594434708453
0.0026127290986899913
-0.0024435595887028695
-0.00777553192200067
-0.008138933091602634
-0.005610788747906205
-0.0116006425089317
-0.007797461302924927
-0.0045675767696522875
-0.01035693333365601
-0.0006610141964311609
-0.009777371123514945
-0.0010839379713989653
-0.014219637145028623
-0.011722820488366844
-0.013890696431164775
-0.013358125751575687
0.0020049719702177394
0.0054760796936572
0.011290498407288643
0.002039432425955857
-0.009351314579843674
-0.012296117161100979
-0.011682094495221796
0.0043263535794854655
-0.0005670311353272044
-0.0024968166566617786
-0.005310042952373544
-0.00705499512020367
-0.008690300383412513
-0.007537441500537314
-0.0057329667273413485
-0.0031766274653137307
0.0029040765881122566
0.00015350566646979565
-0.0027725003025667176
0.0033645935875216437
-0.004013076709138944
-0.0026722517040558306
-0.008026153418277887
0.008533661948239252
-0.0009116356927083783
0.010012328776274835
0.0025563392620276174
-0.005523071224209178
-0.015804818108982023
-0.005310042952373544
0.005513672918098783
0.00554186783642997
0.006393980923772509
-0.007772399153297205
-0.014012874410599918
-0.027988155596758255
-0.0008301837064182827
0.004912181327033461
0.013223416697326682
0.01288507767735244
-0.007587565799792757
-0.018796612220791306
-0.025218788062895
-0.010522970074939665
0.012227196249624744
0.01834862629619578
0.017192634644617115
-0.00987761972202583
-0.01576095934713351
-0.025647977375269738
-0.007086322807238322
0.012004769671678713
0.024050265336502476
0.03498362811159608
0.013868767050240519
0.0018890595281895262
-0.012311781004618305
0.005310042952373544
0.010497907925311944
0.021622369591316932
0.01747771659663245
0.007878913289215023
-0.002822624601822161
-0.017242758943872557
-0.015926996088417165
-0.013586817866928648
0.0010212825973296609
0.016130626054142404
0.014993431014784531
0.004060068239690922
-0.006503627828393792
-0.01000919600757137
-0.004448531558920609
0.0067699131681883355
0.004768073966674061
0.005363300020332452
-0.0006672797338380913
-0.003988014559511222
0.00208329118780437
0.0097993005044392
0.012631323412371756
0.012850617221614322
0.005833215325852235
-0.006165288808419548
-0.007831921758663044
-0.006356387699330926
0.003063847791988983
0.006907754991140804
0.001641570800615774
-0.005341370639408196
-0.016093032829700822
-0.008483537648983809
0.002026901351141996
0.00913828630800804
0.007502981044799196
-0.0033959212745562958
-0.015698303973064206
-0.01648149614893051
-0.009016108328572896
-0.002177274248908326
0.002606463561283061
-0.004990500544620091
-0.002838288445339487
-0.010588758217712435
-0.009332517967622883
-0.0069014894537338745
0.0027004466223870174
0.00877801790710954
0.009100693083566458
0.0034773732608463915
-0.006306263400075483
-0.003070113329395913
0.004110192538946365
0.008160862472526892
0.011782343093732684
0.005638983666237392
0.005441619237919083
-0.009451563178354562
-0.005566929986057691
-0.003862703811372613
0.008944054648393197
0.004796268885005248
0.002171008711501396
-0.003023121798843935
-0.008301837064182827
-0.006964144827803179
-0.0008991046178945174
0.0038658365800760784
0.005717302883824022
0.0017637487800509174
-0.0029291387377399784
-0.0018984578342999218
0.003706065376199352
0.006397113692475974
0.010782989877327278
0.007596964105903153
0.01065141359178174
0.008163995241230357
0.012070557814451483
0.011700891107442588
0.013511631418045483
0.01526911466068947
0.010607554829933226
0.0141945749954009
0.011337489937840622
0.009586272232603566
0.0013157628554553915
0.0017073589433885437
0.0023871697520404956
0.010234755354220866
0.013918891349495961
0.016177617584694385
0.009758574511294152
0.0007988560193836305
-0.0006390848155069044
0.006713523331525961
0.011403278080613392
0.01030994180310403
0.005479212462360665
-0.005137740673682957
-0.0075656364188685
-0.002976130268291957
0.0085023342612046
0.015613719218070645
0.024705013995526704
0.022299047631265417
0.015234654204951353
0.006566283202463096
0.012922670901794022
0.02697000576813206
0.027947429603613207
0.030325201049543307
0.019169411696503668
0.010031125388495626
0.0032768760638246176
0.014849323654425131
0.015475877395118175
0.01746518552181859
0.017969561283076488
0.004824463803336435
0.011678961726518331
0.019774036056272454
0.030409785804536866
0.020651211293242714
0.016083634523590427
0.0025814014116553393
0.0023683731398197044
0.010964690462128262
0.0249305733421762
0.031371545796500686
0.03342037652856694
0.02972057668977452
0.02179467187000752
0.01972391175701701
0.020644945755835784
0.021280897802639222
0.020002728171625413
0.02284728215437183
0.021071002299507053
0.01569517120436074
0.012781696310138087
0.010980354305645588
0.01577349042194737
0.016844897318532476
0.023959415044101984
0.02299765505213816
0.023768316153190607
0.014714614600176127
0.01042898701383571
0.005501141843284922
0.010018594313681765
0.011290498407288643
0.014510984634450887
0.0082861732206655
0.005808153176224513
0.0045895061505765436
0.007856983908290765
0.011422074692834183
0.011265436257660922
0.016766578100945843
0.013339329139354896
0.01355235741119053
0.010115710143489188
0.008336297519920944
0.009486023634092679
0.01506548469496423
0.010394526558097592
0.0031484325469825435
0.0037969156685998436
0.002775633071270183
0.007083190038534857
0.007656486711268992
0.01389382919986824
0.0060211814480601485
0.0034460455738117395
-0.003511833716584509
-0.00016603674128365652
0.001181053801206387
0.005131475136276026
0.012017300746492574
-0.0010212825973296609
-0.004633364912425057
-0.008088808792347192
-0.006368918774144788
-0.0008709096995633304
0.004122723613760227
0.008652707158970931
0.005964791611397774
0.0008521130873425392
0.0019767770518865522
0.0037467913693444003
0.0033176020569696653
0.0027537036903459264
0.005519938455505713
-0.00014724012906286522
-0.0040412716274701305
-0.011071204598046079
-0.0026409240170211785
0.002033166888548926
0.004614568300204265
0.004680356442977035
0.0018671301472652697
-0.0036058167776884652
-0.0027537036903459264
-0.0007675283323489783
-0.004451664327624074
-0.0007174040330935348
-0.005165935592014143
-0.0015914465013603305
-0.002681650010166226
-0.005711037346417092
-0.004536249082617635
-0.01044151808864957
-0.006168421577123014
-0.0005952260536583913
0.006942215446878922
-0.00038533055052622175
-0.004858924259074552
-0.0036810032265716308
0.00025688703368414783
0.013746589070805375
0.021349818714115457
0.02543808187213757
0.008229783384003127
0.0014911979028494435
0.004066333777097852
0.012581199113116314
0.018304767534347267
0.012061159508341088
0.0011998504134271783
-0.011490995604310418
-0.022223861182382253
-0.022280251019044628
-0.015049820851446905
-0.004981102238509696
-0.00986508864721197
-0.01481173042998355
-0.026475028312984553
-0.029993127566975992
-0.02575135874248409
-0.005560664448650761
-0.0008552458560460044
0.0010620085904747088
-0.007612627949420478
-0.018279705384719545
-0.021437536237812485
-0.016948278685746828
-0.0076940799357105745
-0.003107706553837496
-0.003580754628060744
-0.00819532292826501
-0.017233360637762162
-0.019072295866696246
-0.017894374834193323
-0.01693888037963643
-0.012913272595683627
-0.013511631418045483
-0.012180204719072767
-0.011149523815632709
-0.015532267231780549
-0.021406208550777833
-0.022151807502202553
-0.01779099346697897
-0.01684176454982901
-0.010761060496403022
-0.018195120629725985
-0.019040968179661593
-0.025503870014910335
-0.026001980238761307
-0.025788951966925672
-0.023552155112651504
-0.018364290139713104
-0.019774036056272454
-0.015103077919405813
-0.01814499633047054
-0.013937687961716754
-0.012343108691652957
-0.020651211293242714
-0.022292782093858488
-0.010566828836788179
-0.009968470014426323
-0.009423368260023374
-0.008223517846596196
-0.013849970438019726
-0.019410634886670487
-0.017302281549238397
-0.012327444848135631
-0.008477272111576879
-0.008048082799202144
-0.005375831095146314
-0.012800492922358879
-0.02513420330790144
-0.029770700989029963
-0.027349070781251348
-0.019382439968339302
-0.009335650736326348
-0.0024874183505513825
-0.01106493906063915
-0.016008448074707263
-0.023630474330238137
-0.019955736641073436
-0.009382642266878327
-0.0034397800364048088
0.008232916152706592
-0.0028476867514498827
-0.005269316959228496
-0.017906905909007183
-0.014113123009110806
-0.003483638798253322
0.0132578771530648
0.01969258406998236
0.009899549102950088
0.0019172544465207132
-0.0009586272232603566
0.004780605041487922
0.008687167614709048
0.010949026618610936
0.011951512603719804
0.004031873321359735
0.0013032317806415305
-0.010689006816223322
-0.0054917435371745265
-0.0002506214962772174
0.005892737931218074
0.011105665053784197
0.014178911151883574
0.009160215688932296
-0.004404672797072096
-0.003662206614350839
-0.0051847322042349354
0.002957333656071165
0.008185924622154613
0.011691492801332193
0.00763142456164127
0.005159670054607214
0.006199749264157665
0.006180952651936874
0.012734704779586109
0.021202578585052593
0.027154839121636506
0.021409341319481297
0.01858358394895567
0.015034157007929578
0.013176425166774705
0.015134405606440466
0.016465832305413184
0.0156356485989949
0.015692038435657276
0.008189057390858078
0.005635850897533926
0.0031703619279068
0.007596964105903153
0.00626240463822697
0.008687167614709048
0.013680800928032606
0.014344947893167231
0.009197808913373878
0.003123370397354822
0.002365240371116239
0.004138387457277552
0.010898902319355492
0.013865634281537052
0.015319238959944914
0.010616953136043623
0.007242961242411583
0.006058774672501731
0.008991046178945174
0.006434706916917557
0.010930230006390144
0.010378862714580266
0.009323119661512487
0.004407805565775561
0.0027599692277528566
0.006575681508573491
0.006224811413785387
0.010059320306826814
0.009279260899663975
0.009661458681486731
0.012020433515196039
0.009661458681486731
0.004210441137457253
0.00024435595887028696
-0.0011027345836197567
-0.0050970146805379086
0.002894678282001861
0.0042167066748641825
0.0071207832629764396
0.0021929380924256524
-0.0003978616253400826
-0.0036402772334265827
0.005754896108265605
0.0029604664247746305
0.0030105907240300742
0.004486124783362191
0.0011152656584336174
0.0012311781004618306
0.006096367896943313
0.0018483335350444783
-0.0004573842307059218
-0.002781898608677113
-0.003139034240872148
-0.00020049719702177392
0.0007455989514247218
0.005905269006031935
-0.0018107403106028958
-0.0024560906635167305
-0.007581300262385827
-0.0017230227869058697
0.007158376487418022
0.006716656100229427
-0.0052505203470077045
-0.010475978544387688
-0.005952260536583914
-0.0017668815487543827
0.007634557330344735
0.004993633313323557
-0.005400893244774035
-0.014752207824617709
-0.02079845142230558
-0.011907653841871292
0.002374638677226635
0.007556238112758105
-0.004840127646853761
-0.014761606130728105
-0.014360611736684558
-0.011478464529496557
-0.0004260565436712696
0.0064190430734002305
0.0023965680581508916
-0.004827596572039901
-0.010779857108623813
-0.008981647872834779
-0.0014316752974836045
0.002575135874248409
0.00016603674128365652
-0.011115063359894591
-0.01423530098854595
-0.019680052995168496
-0.011534854366158932
-0.006090102359536383
-0.0016102431135811219
-0.006578814277276957
-0.016196414196915174
-0.021305959952266945
-0.02073266327953281
-0.007387068602770983
0.001137195039357874
0.0009962204477019392
-0.007246094011115048
-0.008474139342873414
-0.009614467150934752
-0.008289305989368966
-0.0023401782214885177
0.005310042952373544
0.004514319701693379
-0.0014786668280355826
-0.008054348336609075
-0.011086868441563405
-0.008298704295479362
-0.0011685227263925262
-0.003875234886186474
-0.00813580032289917
-0.015228388667544423
-0.012455888364977704
-0.015087414075888489
-0.009601936076120891
-0.004335751885595861
-0.0008364492438252131
-0.0012969662432346
-0.0110242130674941
-0.007283687235556631
-0.009059967090421409
-0.003969217947290431
0.0017825453922717088
0.009586272232603566
0.011610040815042097
-0.0008803080056737261
-0.00865897269637786
-0.011296763944695575
-0.004824463803336435
0.0006547486590242305
0.004717949667418618
0.005015562694247813
-0.002014370276328135
-0.00869969868952291
-0.013596216173039044
-0.011763546481511893
0.0019203872152241783
0.010206560435889678
0.005451017544029478
-0.0051878649729384
-0.012784829078841552
-0.0198147620494175
-0.01029741072829017
-0.007224164630190792
0.0023495765275989133
-0.005043757612579
-0.015516603388263222
-0.02260605896420501
-0.024247629764820783
-0.013486569268417762
-0.007089455575941787
-0.004840127646853761
-0.009357580117250604
-0.012722173704772249
-0.014952705021639484
-0.014438930954271187
0.00046991530551978265
0.00015037289776633045
-0.0012844351684207392
-0.008449077193245691
-0.01576722488454044
-0.010341269490138683
-0.010544899455863923
-0.003624613389909257
-0.0036810032265716308
-0.011794874168546543
-0.013912625812089031
-0.019595468240174937
-0.009470359790575353
-0.0029886613431058177
0.0006798108086519522
0.0012468419439791566
-0.003768720750268657
-0.005576328292168088
-0.012662651099406409
-0.0079979584999467
-0.0026158618673934567
-0.0007737938697559087
-0.005175333898124539
-0.0054917435371745265
-0.00886886819951003
-0.008825009437661518
-0.007293085541667027
-0.0019203872152241783
0.0038783676548899393
0.003969217947290431
-0.0021522120992806043
-0.0019799098205900176
-0.0018107403106028958
-0.0024999494253652435
0.007455989514247217
0.01079552095214114
0.011290498407288643
0.006779311474298731
-0.0026095963299865264
-0.009677122525004057
-0.010905167856762422
-0.0030356528736577956
0.007957232506801653
0.0055825938295750175
0.0005670311353272044
-0.013489702037121227
-0.022772095705488667
-0.018104270337325493
-0.0058363480945557
0.0025156132688825697
0.006415910304696766
-0.003903429804517661
-0.012574933575709383
-0.02095508985747884
-0.006011783141949753
-0.004081997620615179
0.003424116192887483
0.00815459693511996
0.00453311631391417
-0.0038815004235934047
-0.006303130631372018
-0.0016603674128365653
0.005012429925544348
0.009185277838560019
0.009861955878508504
0.0075625036501650355
-0.004836994878150296
-0.0024404268199994046
0.001569517120436074
0.008746690220074887
0.006575681508573491
0.010432119782539174
0.007315014922591283
0.001885926759486061
0.0077817974594076005
0.009041170478200617
0.019078561404103175
0.014297956362615253
0.006393980923772509
0.003687268763978561
0.002246195160384561
0.012894475983462836
0.01853032688099676
0.020538431619917967
0.016400044162640414
0.015460213551600849
0.008248579996223918
0.013308001452320244
0.0121770719503693
0.017568566889032942
0.025682437831007855
0.027856579311212715
0.023492632507285668
0.016588010284848326
0.013790447832653888
0.019636194233319984
0.026462497238170693
0.03337965053542189
0.03342037652856694
0.03303191320933725
0.02506214962772174
0.026290194959480106
0.025682437831007855
0.03144986501408732
0.038639569188539995
0.04126169659334038
0.035412817423970816
0.03309770135211002
0.036058167776884656
0.0392786540040469
0.04585746828132385
0.05095761573056523
0.055262039929126434
0.0487082878014772
0.047195160517703505
0.05212613845695775
0.057740059973567424
0.06280574696707068
0.06330385719092164
0.06273369328689098
