0.04779665210876882
0.06679062875787845
0.0697667590261704
0.05710097515806052
0.03843280645411129
0.016093032829700822
0.01669765718946961
0.024297754064076228
0.05110798862833156
0.05689421242363182
0.05602643549277195
0.03660013676258414
0.014498453559637027
0.008530529179535788
0.020159366606798675
0.0392692556979365
0.05201962432103994
0.047392524946021815
0.02972057668977452
0.008969116798020918
0.003455443879922135
0.020331668885489262
0.02871809070466565
0.033598944344664455
0.012907007058276696
0.00011904521073167827
-0.007766133615890274
-0.005128342367572561
0.00495917285758544
0.007669017786082853
-0.0020676273442870436
-0.004887119177405739
-0.005720435652527487
-0.009993532164054044
-0.011183984271370826
-0.008163995241230357
-0.014019139948006848
-0.014545445090189004
-0.0002474887275737522
-0.005369565557739383
-0.022111081509057506
-0.022747033555860944
-0.014871253035349388
-0.028771347772624557
-0.031844593870723935
-0.031365280259093756
-0.03778119056379052
-0.04109252708335326
-0.04331992563151703
-0.04002425295547162
-0.03236776624420263
-0.031171048599478914
-0.04000858911195429
-0.0519601017156741
-0.056966266103811516
-0.04349222791020761
-0.03621793898076138
-0.034012469813521864
-0.04505547949323676
-0.050888694819088996
-0.08124522355566695
-0.09346928703658823
-0.08118570095030112
-0.05504274611988387
-0.040274874451748835
-0.044231561324225406
-0.06290599556558157
-0.08513612228537075
-0.08997938270092798
-0.05989853761025496
-0.03222992442125016
-0.02548194063398608
-0.041741010204970556
-0.05631151744478729
-0.05860157136702036
-0.04870202226407027
-0.04060694793431615
-0.030929825409312092
-0.03538462250563963
-0.03340784545375308
-0.03048497225342003
-0.020290942892344215
-0.01518452990569591
0.001265638556199948
0.014144450696145457
-0.0021929380924256524
-0.014783535511652362
-0.016779109175759706
-0.002976130268291957
-0.0005732966727341348
0.004874588102591879
0.0052943791088562175
0.009244800443925857
0.011547385440972792
0.0005983588223618566
-0.010281746884772845
-0.012004769671678713
-0.009103825852269922
0.017559168582922544
0.03477373260846391
0.051374273968126105
0.0572106220626818
0.04725781589177281
0.014232168219842483
-0.013248478846954405
-0.015466479089007779
0.01324534607825094
0.04603290332871791
0.05993926360340001
0.053044039687073066
0.0262995932655905
0.003342664206597387
0.006597610889497748
0.027828384392881527
0.05346069792463394
0.061630958703271226
0.05443185622270816
0.024018937649467824
0.0016071103448776565
-0.015015360395708787
-0.0007737938697559087
0.016011580843410728
0.030967418633753675
0.03556005755303369
0.01417577838318011
0.0005419689856994826
-0.016146289897659732
-0.008721628070447166
0.004551912926134961
0.020795318653602114
0.03736766509493312
0.028627240412265158
0.020394324259558567
0.0012155142569445045
-4.072599314504783e-05
0.003966085178586966
0.012574933575709383
0.027029528373497896
0.035005557492520344
0.032035692761635315
0.02273136971234362
0.011484730066903488
0.0029166076629261175
0.010215958742000075
0.020181295987722933
0.0328564781619432
0.03232704025105758
0.0263089915717009
0.03062594684507597
0.036142752531878215
0.046841157654211936
0.043297996250592774
0.04876154486943611
0.03490844166271292
0.03538148973693617
0.02252773974661838
0.020754592660457066
0.015303575116427588
0.00979303496703227
0.0031421670095756133
0.013564888486004392
0.033645935875216436
0.040945286954290394
0.05684408812437637
0.06499241952208941
0.05410291550884431
0.059854678848406444
0.06146178919328411
0.07105745973199806
0.06667471631585023
0.06567536309944483
0.04424722516774273
0.02670058765963405
0.016760312563538913
0.017079854971292364
0.02504961855290788
0.022681245413088174
0.036318187579272264
0.032455483767899654
0.031951108006641755
0.03779998717601132
0.04135254688574087
0.046518482477755016
0.0438086375492576
0.036246133899092564
0.02914414724833692
0.019839824199045224
0.015798552571575093
0.0054040260134775005
-0.002462356200923661
-0.01238070191609454
-0.006390848155069044
0.004696020286494361
0.015961456544155282
0.006948480984285852
-0.0066164075017185395
-0.019482688566850186
-0.014379408348905349
0.003151565315686009
0.017032863440740387
0.008944054648393197
-0.0009617599919638218
-0.021064736762100123
-0.0283985482969122
-0.02307284150102133
-0.012521676507750474
-0.007891444364028883
-0.004580107844466148
-0.021277765033935758
-0.04526537499636893
-0.050907491431309786
-0.05061301117318406
-0.030234350757142814
-0.023564686187465368
-0.022295914862561952
-0.03901236866425235
-0.04518079024137537
-0.026080299456347936
-0.021456332850033275
-0.01666632950243496
-0.006137093890088361
-0.004009943940435479
-0.016161953741177057
-0.023815307683742584
-0.019589202702768007
-0.025889200565436556
-0.03014663323344579
-0.040556823635060704
-0.03527184283231488
-0.0511675112336974
-0.03744285154381628
-0.03801928098525388
-0.022158073039609483
-0.02571063274933904
-0.01820451893583638
-0.0105918909864159
-0.01712371373314088
-0.010328738415324822
-0.008138933091602634
-0.029015703731494844
-0.02728954817588551
-0.034256825772392155
-0.03503688517955499
-0.04161569945683195
-0.05863603182275848
-0.05155910732163055
-0.052715098973209217
-0.027624754427156287
-0.026619135673343952
-0.02423196592130346
-0.022493279290880262
-0.027095316516270666
-0.024517047873318792
-0.018285970922126474
-0.018853002057453678
-0.026800836258144937
-0.03045991010379231
-0.03188845263257245
-0.030654141763407153
-0.030262545675474
-0.02670685319704098
-0.012001636902975248
-0.010175232748855026
-0.012944600282718278
-0.02333286130340894
-0.024560906635167305
-0.02354902234394804
-0.007537441500537314
-0.0031171048599478914
0.004461062633734469
0.0055794610608715526
0.01331739975843064
0.012922670901794022
0.022499544828287192
0.019119287397248223
0.03150625485074969
0.017176970801099787
0.03255259959770707
0.02684469501999345
0.031045737851340308
0.033376517766718426
0.019877417423486806
0.0019391838274449697
-0.006412777535993301
0.010162701674041166
0.017230227869058697
0.03045364456638538
0.029278856302585924
0.025077813471239066
0.025478807865282616
0.03823544202579298
0.06063473825556929
0.07808112716516709
0.08277401468295797
0.08283980282573075
0.06616720778588886
0.0661014196431161
0.04515572809174764
0.04707924807567529
0.05695060226029419
0.06781504412391157
0.08135173769158477
0.08069698903256053
0.07642702528973745
0.08759847848629441
0.10074984150344139
0.0995343272464969
0.09103825852269923
0.08228216999651394
0.07095094559608024
0.06964771381543872
0.07439385840118852
0.07777098306352402
0.0636421962108959
0.05008983879970536
0.0470604514634545
0.03901550143295582
0.06578187723536263
0.08512045844185342
0.09679942016837176
0.09694039476002769
0.06933756971379566
0.0681627814499962
0.057577156000987235
0.077548556485578
0.08408664476970991
0.08256725194852928
0.08471946404780988
0.044538572657165
0.05700072655954963
0.030635345151186363
0.041064332165022074
0.05525264162301604
0.06440032623713447
0.06028073539207772
0.025466276790468752
0.010165834442744631
-0.0047868705788948526
0.0
0.018141863561767075
0.014053600403744966
0.011982840290754457
-0.004273096511526557
0.0007957232506801652
-0.0005952260536583913
0.0071207832629764396
0.0147710044368385
0.007405865214991775
0.003981749022104291
-0.0028852799758914654
-0.0021804070176117915
-0.009626998225748614
-0.017540371970701754
-0.025259514056040048
-0.035525597097295566
-0.03297239060397141
-0.020723264973422414
-0.011788608631139614
-0.01554479830659441
-0.026205610204486546
-0.042962789999321994
-0.04065393946486813
-0.050519028112080096
-0.05458222912047449
-0.05739545541618625
-0.0495102765895643
-0.06535582069169137
-0.08521757427166085
-0.09714715749445639
-0.1109908623950692
-0.09160215688932297
-0.07751409602983989
-0.06886765440827587
-0.0722792395263495
-0.0831687435395946
-0.10481930804924272
-0.1132245264806399
-0.1001013583818241
-0.0944623747155867
-0.08409291030711684
-0.08418689336822079
-0.09218171909946403
-0.10320906493566159
-0.1065861895979971
-0.10722840718220747
-0.09010156068036312
-0.06818471083092047
-0.08009549744149522
-0.09069052119661458
-0.09925237806318503
-0.09863208985989891
-0.09515158383034905
-0.08037431385610362
-0.08147391567101991
-0.10556490700066744
-0.12166420536777518
-0.13555803456764343
-0.121501301395195
-0.10337823444564871
-0.08546819576793807
-0.08918992498765474
-0.10326858754102743
-0.12150756693260192
-0.11906400734389906
-0.0973100614670366
-0.07918072898008337
-0.06300311139538899
-0.0672448802198809
-0.08512045844185342
-0.09007963129943887
-0.08910847300136465
-0.07481678217615632
-0.05099520895500681
-0.0304066530358334
-0.03444479189460007
-0.04927218616810094
-0.055475068200962076
-0.045249711152851604
-0.03381510538520356
-0.02806334204564142
-0.02209541766554018
-0.028210582174704284
-0.029401034282021066
-0.03895284605888651
-0.03520918745824558
-0.024523313410725722
-0.016719586570393866
-0.01865563762913537
-0.019673787457761566
-0.012853749990317787
-0.013809244444874679
0.005623319822720066
0.02422570038389653
0.026236937891521196
0.021691290502793167
0.01853659241840369
0.01674464872002159
0.017499645977556707
0.03220172950291897
0.044394465296805595
0.045591182941529314
0.04192897632717847
0.028768215003921092
0.02610536160597566
0.041083128777242864
0.05428461609364529
0.06118610554737917
0.05378650586979432
0.03785324424397023
0.029278856302585924
0.030174828151776977
0.027818986086771132
0.036963537932186104
0.04027174168304537
0.04920953079403164
0.0446826800175244
0.027352203549954813
0.019701982376092754
0.018405016132858155
0.034303817302944135
0.05235483057231072
0.06516785456948346
0.05331659056427454
0.03152505146297049
0.013195221778995497
0.010087515225158
0.023132364106387165
0.04104240278409781
0.05755209385135951
0.04903722851534105
0.021127392136169428
0.005128342367572561
0.007280554466853165
0.016017846380817657
0.038908987297038004
0.05171261298810035
0.04004304956769241
0.020475776245848662
-0.0005607655979202739
-0.005607655979202739
-0.004498655858176053
0.016685126114655748
0.02704205944831176
0.028044545433420626
0.012549871426081662
-0.0008552458560460044
0.0004479859245955261
-0.006365786005441322
-0.008925258036172405
-0.013940820730420219
-0.0052724497279319615
-0.0038658365800760784
0.0099434078647986
-0.023777714459301002
-0.04196970232032352
-0.05424702286920371
-0.036365179109824244
-0.02924752861555127
-0.010106311837378791
0.00836449243825213
-0.011124461666004988
-0.040039916798988946
-0.05894617592440153
-0.04996766082027022
-0.051032802179448396
-0.03543474680489508
-0.02919427154759236
-0.024235098690006923
-0.05297511877559683
-0.07780231075055868
-0.08935596172893841
-0.07179052760860892
-0.0673795892741299
-0.0722071858461698
-0.0730812283144366
-0.05691614180455607
-0.06589152413998392
-0.06020554894319455
-0.06987640593079168
-0.07204741464229307
-0.07252359548521979
-0.06706631240378337
-0.051549709015520154
-0.04765254474840942
-0.03583260843023516
-0.05379277140720125
-0.06411524428511914
-0.07383309280326825
-0.07013329296447583
-0.06920599342825012
-0.05848252615628868
-0.03785637701267369
-0.03755249844843756
-0.04338884654299326
-0.06035278907225742
-0.0637675069590345
-0.048764677638139575
-0.029166076629261177
-0.020748327123050136
-0.024444994193139093
-0.04175980681719135
-0.05552832526892098
-0.054810921235827446
-0.03402500088833573
-0.0120329645900099
-0.015522868925670154
-0.02966105408440868
-0.045400084050617934
-0.04582300782558574
-0.02275016632456441
-0.008151464166416496
0.010400792095504522
0.0033082037508592697
-0.0019203872152241783
-0.015585524299739457
-0.0190315698735512
-0.007988560193836305
0.0008709096995633304
0.012816156765876205
0.011130727203411918
0.013364391288982619
-0.0029448025812573047
-0.022988256746027766
-0.022161205808312948
-0.006563150433759631
0.012061159508341088
0.020055985239584323
0.024867917968106897
0.01145026961116537
0.005291246340152753
0.007888311595325418
0.012402631297018796
0.01914121677817248
0.021979505223511966
0.03202629445552492
0.022440022222921352
0.013329930833244501
0.013326798064541035
0.01774713470513046
0.022640519419943127
0.020394324259558567
0.02252147420921145
0.027765729018812222
0.02915041278574385
0.03066354006951755
0.040951552491697324
0.03950421335069639
0.03779058886990092
0.038520523977808314
0.04609869147149068
0.05283727695264436
0.04814125666615
0.04593892026761395
0.04227671365326311
0.04368332680111899
0.039855083445484496
0.05506467550080813
0.06048436535780295
0.05541241282689277
0.031152251987258125
0.01836115737100964
0.018254643235091822
0.03968904670420084
0.04923459294365936
0.05227651135472409
0.040694665458013174
0.026662994435192468
0.02477393490700294
0.025779553660815274
0.03124623504836208
0.038244840331903375
0.03148119270112197
0.02182599955704217
0.008950320185800126
0.011719687719663379
0.012070557814451483
0.01908795971021357
0.04530296822081051
0.03715463682309748
0.012700244323847991
-0.014504719097043957
-0.016083634523590427
-0.009128888001897643
0.015782888728057765
0.030578955314523988
0.011516057753938139
-0.014172645614476644
-0.03529063944453568
-0.03226751764569174
-0.01978969989978978
-0.006227944182488852
-0.0069234188346581306
-0.03216413627847739
-0.048363683244096026
-0.053488892842965124
-0.03739272724456084
-0.036108292076140094
-0.028830870377990397
-0.029297652914806713
-0.0402780072204523
-0.05647442141736748
-0.064127775359933
-0.04542514620024565
-0.026434302319839505
-0.01648776168633744
-0.03587020165467674
-0.04560058124763971
-0.05130535305664987
-0.046872485341246585
-0.029761302682919568
-0.013643207703591023
-0.01913495124076555
-0.031208641823920497
-0.05634284513182194
-0.06108898971757174
-0.05405592397829233
-0.042812417101555665
-0.038902721759631075
-0.03289093861768132
-0.04579481290725455
-0.05597631119351651
-0.055518926962810584
-0.05622379992109026
-0.05537795237115465
-0.04943195737197767
-0.02872435624207258
-0.030121571083818067
-0.04679103335495649
-0.051740807906431534
-0.05066626824114297
-0.03784697870656329
-0.023376720065257452
-0.009501687477610005
-0.0072993510790739565
-0.024043999799095543
-0.03530317051934954
-0.03764648150954152
-0.02699506791775978
-0.008690300383412513
0.0004918446864440392
-0.0026691189353523653
-0.014338682355760302
-0.02700133345516671
-0.022706307562715897
-0.011788608631139614
0.012484083283308892
0.023082239807131723
0.020886168946002606
0.0083582269008452
-0.001237443637868761
-0.008167128009933822
-0.010635749748264414
0.008486670417687274
0.026888553781841962
0.030444246260274983
0.018148129099174005
0.009175879532449622
-0.00027881641460840434
0.002850819520153348
0.01699213744759534
0.0327938227878739
0.04489257552065657
0.036825696109233634
0.02763728550197015
0.025334700504923216
0.026572144142791975
0.02494310441699006
0.030835842348208138
0.039848817908077566
0.05386795785608441
0.04717636390548271
0.04178800173552254
0.04119277568186414
0.04170341698052898
0.045136931479526854
0.05449137882807399
0.05445691837233588
0.05205095200807459
0.04254613176176112
0.041938374633288866
0.0428092843328522
0.037878306393597946
0.04005558064250627
0.03152818423167395
0.03634324972889999
0.037496108611775186
0.05430027993716262
0.057608483688021885
0.06209460847138408
0.057595952613208025
0.04599531010427632
0.039322512765895414
0.042680840816010125
0.060039512201910894
0.059284514944375775
0.06139600105051134
0.05047830211893505
0.036615800606101465
0.04810366344170842
0.059522605365839136
0.06575994785443838
0.06361086852386125
0.06408078382938102
0.06465408050211516
0.07126735523513024
0.0789175764089923
0.07651787558213793
0.076511610044731
0.06499555229079287
0.063272529503887
0.06059087949372077
0.055218181167277926
0.062050749709535565
0.059002565761063906
0.05790296394614761
0.04518079024137537
0.04682236104199114
0.051286556444429074
0.05378024033238739
0.056170542853131354
0.050177556323402386
0.042580592217499234
0.02423196592130346
0.02800381944027558
0.02858651441912011
0.041155182457422564
0.035813811818014366
0.040315600444893886
0.03271550357028727
0.02649069215650188
0.02182599955704217
0.024344745594628205
0.03169735374166107
0.03158770683703979
0.023082239807131723
0.0009586272232603566
-0.004711684130011687
-0.0008740424682667957
0.011622571889855958
0.017806657310496295
0.017035996209443852
0.0018295369228236871
-0.00018170058480098262
-0.002932271506443444
0.0061527577336056875
0.01666632950243496
0.020616750837504597
0.005786223795300257
-0.020115507844950163
-0.030384723654909147
-0.035202921920838647
-0.012919538133090557
-0.009038037709497153
-0.010996018149162914
-0.02180720294482138
-0.03842654091670436
-0.046650058763300556
-0.03285334539323974
-0.017722072555502736
-0.011901388304464362
-0.015519736156966687
-0.02913161617352306
-0.037746730108052406
-0.045099338255085275
-0.043442103610952174
-0.03450118173126244
-0.022079753822022853
-0.02474260721996829
-0.0340093370448184
-0.044106250576086796
-0.038147724502095956
-0.031431068401866526
-0.029416698125538394
-0.024867917968106897
-0.02483972304977571
-0.03326687086209715
-0.03543161403619161
-0.03463902355421491
-0.032088949829594225
-0.029968065417348273
-0.024090991329647524
-0.030569557008413593
-0.03114911921855466
-0.03382763646001742
-0.03511833716584509
-0.026948076387207802
-0.022273985481637698
-0.019654990845540773
-0.019714513450906614
-0.026547081993164252
-0.02757149735919738
-0.03584513950504902
-0.028000686671572114
-0.02254653635883917
-0.011108797822487661
-0.010745396652885696
-0.020695070055091226
-0.02075772542916053
-0.015980253156376075
-0.011957778141126736
-0.011027345836197565
-0.006547486590242305
-0.01281928953457967
-0.01447652417871277
-0.02937910490109681
-0.029711178383664123
-0.0260113785448717
-0.023057177657504
-0.014792933817762758
-0.014382541117608814
-0.015281645735503332
-0.025676172293600922
-0.018373688445823502
-0.012361905303873749
-0.001685429562464287
-0.015353699415683032
-0.018329829683974987
-0.017436990603487402
-0.0188060105269017
-0.006816904698740313
-0.011641368502076749
-0.008066879411422935
-0.015056086388853836
-0.011133859972115382
-0.014232168219842483
-0.01854599072451409
-0.010992885380459448
-0.01733987477367998
-0.011998504134271783
-0.012408896834425727
-0.016660063965028026
-0.022223861182382253
-0.02146573115614367
-0.018242112160277962
-0.010084382456454535
-0.011284232869881713
-0.006888958378920013
-0.01109000121026687
-0.018051013269366582
-0.017546637508108684
-0.015425753095862731
-0.011400145311909927
-0.011531721597455465
-0.011992238596864853
-0.004520585239100309
-0.021030276306362006
-0.04163136330034928
-0.04428168562348085
-0.032502475298451634
-0.014567374471113262
-0.0027662347651597873
-0.00453311631391417
-0.022440022222921352
-0.042602521598423496
-0.05426268671272103
-0.040892029886331484
-0.022981991208620836
-0.006810639161333383
-0.007224164630190792
-0.026283929422073176
-0.03721102665975985
-0.044093719501272936
-0.03316348949488279
-0.018802877758198236
-0.001669765718946961
-0.009200941682077343
-0.02085797402767142
-0.030325201049543307
-0.032305110870133324
-0.028348423997656753
-0.014379408348905349
0.011813670780767336
-0.0002694181084980087
-0.0043263535794854655
-0.02599258193265091
-0.02595812147691279
-0.015939527163231028
-0.006155890502309152
0.0003915960879331522
-0.008759221294888748
-0.01793510082733837
-0.034460455738117395
-0.0323615007067957
-0.02178214079519366
-0.023198152249159935
-0.012872546602538578
-0.011973441984644062
-0.011284232869881713
-0.01893132127504031
-0.024955635491803924
-0.021835397863152566
-0.02021575644346105
-0.018665035935245766
-0.023364188990443593
-0.02191684984944266
-0.01813246525565668
-0.023173090099532213
-0.014802332123873153
-0.016356185400791902
-0.019595468240174937
-0.021215109659866453
-0.016525354910779024
-0.017305414317941862
-0.023558420650058438
-0.01872142577190814
-0.023702528010417837
-0.01834236075878885
-0.02285354769177876
-0.024510782335911863
-0.016227741883949827
-0.00856812240397737
-0.009407704416506048
-0.014216504376325158
-0.017938233596041835
-0.020704468361201624
-0.020801584191009043
-0.01747145105922552
-0.016014713612114193
-0.006719788868932892
-0.006885825610216548
-0.017029730672036923
-0.02508094623994253
-0.03493663658104411
-0.02268437818179164
0.0006108898971757174
0.008248579996223918
0.003214220689755313
-0.011315560556916366
-0.015572993224925596
-0.007180305868342279
0.007396466908881379
0.020513369470290244
0.02035986380382045
0.008361359669548665
0.005106412986648305
-0.004154051300794878
0.007455989514247217
0.020814115265822906
0.02959526594163591
0.02609909606856873
0.010303676265697101
0.0035087009478810436
0.0018514663037479436
0.017834852228827483
0.034228630854060964
0.0424396176258433
0.03145613055149425
0.024288355757965834
0.018627442710804184
0.03016542984566658
0.040729125913751295
0.0412241033688988
0.038902721759631075
0.03740212555067123
0.04018089139064488
0.029802028676064615
0.0391972020177568
0.044172038718859566
0.0460423016348283
0.044447722364764505
0.03392475228982484
0.035688501069875755
0.04325413748874426
0.053949409842374514
0.052524000082297836
0.051267759832208284
0.05516179133061555
0.05011803371803655
0.051518381328485505
0.05346696346204087
0.061223698771820746
0.057818379191154054
0.059378498005479736
0.04383996523629225
0.042662044203789336
0.04578854736984762
0.061480585805504896
0.06562523880018938
0.06257705485171772
0.057746325510974354
0.045375021900990214
0.04510247102378874
0.05169694914458302
0.059318975400113896
0.06647108635012498
0.06440972454324487
0.05454150312732944
0.04175667404848789
0.047044787619937176
0.05683155704956251
0.06354821314979194
0.06931877310157487
0.06574115124221759
0.05118004230851126
0.042339369027332416
0.03761828659121033
0.038677162412981574
0.04007437725472706
0.04358934374001504
0.03803181206006774
0.026612870135937022
0.022938132446772324
0.018934454043743776
0.009774238354811478
0.02233037531830007
0.032377164550313024
0.03211714474792541
0.01673211764520773
-0.0001754350473940522
-0.0011246639645440132
-0.01244649005886731
-0.005322574027187404
-0.0019078561404103176
0.001528791127291026
-0.024927440573472737
-0.033880893527976325
-0.03988954390122262
-0.03342977483467734
-0.02852072627634734
-0.025491338940096475
-0.03521858576435598
-0.05018382186080932
-0.06585079814683888
-0.07584119754218945
-0.0804025087744348
-0.08227903722781048
-0.08521757427166085
-0.08314368138996688
-0.0910852500532512
-0.09064979520346954
-0.10488196342331202
-0.10945580573037124
-0.12096246517819897
-0.10669896927132184
-0.1072973280936837
-0.10667703989039759
-0.10971582553275885
-0.10315894063640615
-0.11098459685766227
-0.12296430437971326
-0.12578379621283195
-0.1116487438227969
-0.08659285973248208
-0.0750987313594682
-0.07238575366226732
-0.08037431385610362
-0.08478525219058265
-0.09539593978921934
-0.08292125481202084
-0.07204741464229307
-0.05230157350435181
-0.06785263734835315
-0.08518311381592274
-0.09563716297938617
-0.08197515866357435
-0.06907128437400112
-0.04505547949323676
-0.030660407300814083
-0.03046617564119924
-0.05004284726915339
-0.07949713861913336
-0.06666531800973984
-0.05502394950766308
-0.044632555718268956
-0.04305050752301902
-0.05128968921313254
-0.06464781496470823
-0.06823796789887937
-0.0611203174046064
-0.049218929100142035
-0.028066474814344884
-0.02022202198086798
-0.010876972938431236
-0.017364936923307702
-0.02703892667960829
-0.03282828324361201
-0.028360955072470613
-0.0242100365403792
-0.01651908937337209
-0.0071239160316799045
-0.005115811292758701
-0.01669765718946961
-0.03169108820425414
-0.03521232022694905
-0.026825898407772657
-0.012593730187930174
0.005407158782180965
0.0033583280501147134
0.008226650615299662
-0.008887664811730821
-0.005660913047161648
-0.004780605041487922
0.010134506755709979
0.013715261383770723
0.023429977133216363
0.018724558540611606
0.029836489131802733
0.043238473645226934
0.06224498136915041
0.07442831885692663
0.0869969868952291
0.08357600347104507
0.0808630257738442
0.07229490336986683
0.079979584999467
0.09301816834328924
0.11193069300610876
0.12167673644258906
0.10454362440333778
0.09961264646408352
0.08369818145048022
0.08727893607854097
0.09548679008161984
0.11985033228846882
0.12033591143750594
0.13269468397267623
0.11662671329260312
0.11069951490564693
0.09241354398352045
0.0864299557599019
0.08831588251938795
0.1018118500939161
0.11862228695671047
0.118484445133758
0.11198708284277113
0.10095033870046317
0.08511732567314996
0.08872627521954189
0.10888564182634057
0.13068344646505156
0.12811770889691354
0.12269801903991871
0.11438678366962549
0.10008256176960331
0.1005430787690127
0.113844814683926
0.12970915539827388
0.13626917306333003
0.11889797060261541
0.10446530518575114
0.09093800992418834
0.0959222449314015
0.09172120210005465
0.09842219435676675
0.08744810558852809
0.07187511236360249
0.046405702804430266
0.03745851538733361
0.028517593507643876
0.033717989555396136
0.04950401105215737
0.04817571712188812
0.036208540674650985
0.020137437225874417
0.013198354547698962
0.016844897318532476
0.02333286130340894
0.028683630248927533
0.025610384150828152
0.02614922036782417
0.025221920831598466
0.026055237306720214
0.03382137092261049
0.019379307199635838
0.030907896028387838
0.03362087372558872
0.027699940876039452
0.0033301331317835262
-0.005159670054607214
0.004031873321359735
0.014467125872602375
0.024817793668851455
0.01991501064792839
0.007835054527366509
-0.003471107723439461
-0.010522970074939665
-0.01188259169224357
0.0006610141964311609
0.018881196975784865
0.0013345594676761826
-0.013524162492859345
-0.026531418149646928
-0.028909189595577027
-0.02426329360833811
-0.003113972091244426
0.006948480984285852
0.006165288808419548
-0.014749075055914244
-0.03348303190263625
-0.03333579177357338
-0.005576328292168088
0.00461770106890773
0.020203225368647187
0.005805020407521048
-0.018047880500663117
-0.03973290546604936
-0.0407197276076409
-0.03239282839383035
-0.015378761565310753
-0.004542514620024566
-0.014777269974245432
-0.0528341441839409
-0.0661014196431161
-0.07989500024447345
-0.06470107203266715
-0.04092335757336614
-0.0294793534996077
-0.03815712280820635
-0.06302817354501672
-0.06874234366013728
-0.06548426420853344
-0.04392141722258235
-0.025040220246797484
-0.0037467913693444003
-0.016879357774270593
-0.047370595565097554
-0.0759351806032934
-0.08230096660873473
-0.05771186505523624
-0.01855852179932795
-0.005949127767880448
-0.016099298367107752
-0.04342017423002791
-0.0554186783642997
-0.057517633395621395
-0.03446985404422779
-0.020886168946002606
-0.017029730672036923
-0.021515855455399115
-0.044410129140322926
-0.05315681936039781
-0.053116093367252766
-0.030187359226590837
-0.00935444734854714
0.0010526102843643132
-0.008392687356583318
-0.021534652067619904
-0.03248367868623084
-0.017960162976966093
-0.00836449243825213
0.009476625327982283
0.020027790321253135
0.020118640613653628
0.010194029361075817
0.0018201386167132913
0.007756735309779879
0.027884774229543902
0.04110192538946365
0.049356770923094505
0.03755249844843756
0.021268366727825363
0.007421529058509101
0.02942609643164879
0.053871090624787885
0.05732966727341348
0.05028407045932021
0.03500869026122381
0.022364835774038187
0.02939163597591067
0.044770397541221425
0.04832609001965445
0.03462962524810451
0.022740768018454014
0.007784930228111065
0.0034084523493701567
0.024770802138299474
0.042602521598423496
0.04562877616597089
0.034447924663303535
0.01325161161565787
0.002763101996456322
0.02712664420330532
0.041195908450567614
0.06064413656167968
0.05930644432530004
0.031164783062071984
0.010996018149162914
0.010143905061820375
0.023467570357657945
0.04190391417755075
0.04972017209269647
0.04907168897107917
0.021638033434834256
0.0065286899780215134
-0.00024122319016682176
0.0054948763058779914
0.019034702642254663
0.018561654568031414
0.015967722081562215
0.0013721526921177652
-0.011788608631139614
-0.021544050373730302
-0.0060650402099086615
0.020002728171625413
0.032286314257912535
0.030068314015859157
0.010566828836788179
-0.0010620085904747088
0.0011058673523232218
0.015027891470522648
0.029344644445358694
0.03983628683326371
0.03765587981565192
0.028495664126719618
0.015287911272910262
0.025322169430109353
0.04422216301811501
0.06294358879002315
0.0769439321258092
0.0722071858461698
0.05866422674108966
0.034789396451981244
0.030983082477271003
0.031196110749106637
0.0474927735445327
0.034407198670158484
0.030215554144922024
0.015181397136992444
0.010720334503257975
0.022139276427388693
0.02852072627634734
0.035760554750055455
0.03442912805108274
0.04183499326607452
0.034388402057937695
0.028154192338041912
0.029645390240891353
0.042398891632698256
0.035986114096704956
0.028583381650416646
0.013896961968571705
0.004063201008394387
-0.004345150191706257
-0.0028163590644152306
0.011409543618020322
0.003571356321950348
0.01762182395699185
0.025732562130263297
0.03101127739560219
0.018207651704539845
-0.001685429562464287
-0.013295470377506384
-0.017715807018095806
-0.01644703569319239
0.009038037709497153
0.012083088889265344
0.02945742411868344
0.005372698326442848
-0.016478363380227044
-0.046183276226484236
-0.05079157898928157
-0.030657274532110618
-0.018010287276221535
-0.00460516999409387
-0.023834104295963374
-0.03361774095688525
-0.05024021169747169
-0.03976110038438054
-0.02063554744972539
-0.014088060859483083
-0.01425409760076674
-0.028013217746385974
-0.027010731761277107
-0.02719243234607809
-0.03557572139655101
-0.034106452874625826
-0.03290033692379171
-0.01928532413853188
-0.02587980225932616
-0.040585018553391895
-0.04102047340317356
-0.03974230377215975
-0.031117791531520007
-0.03168482266684721
-0.03166602605462642
-0.041023606171877024
-0.04139640564758938
-0.04249287469380221
-0.04140893672240325
-0.05002405065693259
-0.052470743014338926
-0.05041877951356921
-0.04443832405865411
-0.03130575765372792
-0.040362591975445866
-0.03955433764995184
-0.05147452256663699
-0.04771206735377526
-0.0467722367427357
-0.03944469074533055
-0.03316975503228972
-0.0142666286755806
-0.01984922250515562
-0.036581340150363344
-0.04860490643426285
-0.04130555535518889
-0.039250459085715714
-0.02524071744381926
-0.014507851865747422
-0.022314711474782745
-0.04012136878527904
-0.06225751244396427
-0.0655061935894577
-0.0528153475717201
-0.0337211223240996
-0.032784424481763504
-0.037915899618039525
-0.04721082436122083
-0.056320915750897683
-0.07169027901009804
-0.05531842976578881
-0.04466701617400707
-0.02180720294482138
-0.021396810244667434
-0.028483133051905758
-0.022226993951085718
-0.040544292560246845
-0.01853659241840369
-0.010714068965851043
0.00799169296253977
-0.00733694430351554
-0.020428784715296685
-0.020250216899199168
-0.020535298851214502
-0.0011027345836197567
0.004764941197970596
0.0180854737251047
0.02193251369295999
0.031124057068926937
0.03960446194920728
0.04508054164286448
0.046878750878653515
0.03872728671223702
0.03370859124928574
0.024974432104024714
0.010949026618610936
0.019526547328698702
0.04360500758353236
0.047542897843788144
0.04422842855552194
0.034538774955704024
0.005798754870114118
0.0015475877395118175
0.03672231474201928
0.1000919600757137
0.0944623747155867
0.07741071466262553
0.04253986622435419
0.011888857229650501
0.014592436620740983
0.03666279213665344
0.07945327985728484
0.0691527363602912
0.04152798193313492
0.030209288607515095
0.025738827667670227
0.05386482508738095
0.08111051450141794
0.10399538988023137
0.12121935221188312
0.12295490607360286
0.1216266121433336
0.09220678124909175
0.08754208864963205
0.08455342730652622
0.10498534479052637
0.11569628098767396
0.11416748986038293
0.07863562722568043
0.06289659725947118
0.03680063395960591
0.08022707372704076
0.11306788804546664
0.1424595240213773
0.1452884141606064
0.11643874717039521
0.10016088098718993
0.09966277076333897
0.11693059185683924
0.1128360631614102
0.09923358145096423
0.07539321161759392
0.05222951982417211
0.042871939706921505
0.04629605589980899
0.05222951982417211
0.055973178424813044
0.054093517202733914
0.05662792708383727
0.06390534878198698
0.0663614394455037
0.05653081125402985
0.045459606655983774
0.03528437390712875
0.02887472913983891
0.016190148659508245
0.018448874894706667
0.010855043557506978
0.012083088889265344
0.0011215311958405478
-0.011343755475247554
-0.021481394999660997
-0.021262101190418433
-0.0014348080661870696
-0.017781595160868576
-0.02097388646969963
-0.020034055858660065
-0.042514804074726464
-0.025522666627131128
-0.04736119725898716
-0.05664672369605806
-0.07178739483990546
-0.0683350837286868
-0.056972531641218446
-0.059199930189382216
-0.05542494390170663
-0.07366079052457766
-0.0764050959088132
-0.07666824847990426
-0.08413363630026188
-0.06223871583174348
-0.05313802274817702
-0.057774520429305545
-0.08262990732259858
-0.08902702101507455
-0.08779584291461272
-0.08832214805679488
-0.08767366493517757
-0.08592557999864399
-0.10332497737768981
-0.11437111982610816
-0.1044245791926061
-0.09581573079548368
-0.08483537648983809
-0.09739777899073361
-0.11142631724485086
-0.1099821108725534
-0.11228782863830379
-0.11395132881984382
-0.11029225497419645
-0.11507599278438783
-0.11234421847496617
-0.11337176660970276
-0.12730318903401258
-0.1222844935710613
-0.10815883948713664
-0.11798320214120356
-0.11891989998353966
-0.13195221778995497
-0.11525456060048535
-0.10468773176369718
-0.09819350224141378
-0.0877175236970261
-0.10325918923491703
-0.10652979976133473
-0.1082246276299094
-0.10065585844233745
-0.0828711305127654
-0.0813047461610328
-0.0717560671528708
-0.0778900282742557
-0.09591911216269804
-0.09220051571168482
-0.11534227812418238
-0.10636376302005107
-0.07084129869145897
-0.03882440254204444
-0.012612526800150965
-0.03268104311454915
-0.03705438822458659
-0.07006750482170306
-0.07067839471887877
-0.06845726170812193
-0.04672524521218372
-0.03026881121288093
-0.014489055253526631
-0.002374638677226635
-0.007982294656429374
-0.024075327486130196
-0.0479156973195005
-0.05213240399436469
-0.040622611777833474
-0.011212179189702014
0.013448976043976178
0.027377265699582536
0.0211117282926521
-0.0032737432951211523
-0.0039629524098835
-0.006459769066545279
0.03955120488124837
0.06004264497061436
0.055171189636725945
0.03929745061626769
0.026086564993754866
0.02794429683490974
0.029100288486488407
0.04270277019693438
0.05491743537174527
0.06294358879002315
0.05636790728144966
0.05046890381282466
0.05504274611988387
0.03832002678078654
0.03727681480253262
0.03480506029549857
0.06084776652740492
0.07252986102262672
0.06969783811469416
0.05431907654938341
0.042824948176369525
0.04118651014445721
0.043088100747460605
0.05546253712614821
0.05695686779770112
0.05154657624681669
0.03745851538733361
0.023433109901919828
0.015350566646979567
0.04018089139064488
0.054093517202733914
0.04820077927151584
0.044099985038679866
0.03552872986599903
0.02698880238035285
0.012393232990908401
0.024432463118325233
0.044901973826766965
0.05820370974168028
0.04340764315521405
0.041202173987974544
0.03491470720011985
0.016102431135811217
0.007477918895171474
0.016118094979328545
0.03443539358848967
0.03720162835364946
0.03746164815603707
0.025889200565436556
0.010485376850498083
0.0050280937690616746
-0.0020049719702177394
0.016976473604078016
0.02561978245693855
0.03167229159203335
0.015554196612704805
-0.002976130268291957
-0.01970511514479622
-0.017368069692011167
0.006810639161333383
0.02629332772818357
0.011453402379868836
-0.007001738052244761
-0.033855831378348605
-0.04820077927151584
-0.04638377342350601
-0.024300886832779693
-0.01591133224489984
-0.013912625812089031
-0.017223962331651767
-0.04787183855765199
-0.06561897326278245
-0.07035258677371839
-0.05175960451865232
-0.04550346541783228
-0.038861995766486024
-0.06916526743510508
-0.08110424896401101
-0.08750449542519045
-0.08053095229127688
-0.06760201585207593
-0.0646321511211909
-0.06480758616858495
-0.0685418464631155
-0.07596650829032806
-0.08867615092028645
-0.08131727723584666
-0.07195969711859605
-0.07267710115168959
-0.07881419504177795
-0.07183438637045744
-0.07353547977643905
-0.0696759087337699
-0.0611923710847861
-0.06163409147197469
-0.06749863448486158
-0.06931564033287141
-0.0562739242203457
-0.049582330269744
-0.051123652471848885
-0.05078531345187464
-0.042574326680092305
-0.03565090784543418
-0.04628665759369859
-0.03720162835364946
-0.04316328719634377
-0.04415637487534224
-0.04457616588160658
-0.036587605687770273
-0.038520523977808314
-0.042633849285458145
-0.029172342166668107
-0.034021868119632266
-0.03293479737952983
-0.021847928937966426
-0.0065286899780215134
-0.01659427582225526
-0.026919881468876614
-0.035914060416525256
-0.03298178891008181
-0.017972694051779953
-0.006954746521692783
-0.0014191442226697435
-0.002822624601822161
-0.010842512482693118
-0.013981546723565266
-0.011791741399843078
-0.00835196136343827
0.0009210339988187739
0.012838086146800461
0.005357034482925522
0.0012437091752756913
0.0013000990119380652
0.007809992377738787
0.02865856809929981
0.02717990127126423
0.028169856181559236
0.0072116335553769305
0.015895668401382512
0.02058229038176648
0.04223598766011806
0.047489640775829234
0.04135254688574087
0.031932311394420966
0.025065282396425206
0.024319683445000483
0.025093477314756394
0.04270277019693438
0.04305990582912941
0.04494896535731894
0.050913756968716715
0.044955230894725876
0.03915647602461175
0.033310729623945656
0.03969844501031124
0.05133041520627759
0.0478530419454312
0.046700183062556
0.04583240613169613
0.05441619237919083
0.0404221145808117
0.03855185166484297
0.04425349070514966
0.04836055047539256
0.05204468647066766
0.05614861347220709
0.06238908872950981
0.049131211576445004
0.036036238395960395
0.02619621189837615
0.02665359612908207
0.029708045614960658
0.033652201412623366
0.044112516113493726
0.03836075277393159
0.03059148638933785
0.024939971648286596
0.010109444606082258
0.009482890865389214
0.018921922968929913
0.0380631397471024
0.02665359612908207
0.015153202218661257
0.0027975624521944394
-0.008076277717533331
-0.012155142569445044
-0.003612082315095396
0.009188410607263484
0.015739029966209253
0.00973977789907336
-0.00726489062333584
-0.02905956249334336
-0.028307698004511706
-0.018549123493217554
-0.003599551240281535
-0.0010714068965851043
-0.009247933212629322
-0.02275016632456441
-0.044350606534957086
-0.04100167679095277
-0.03543161403619161
-0.012211532406107417
-0.009338783505029813
-0.02191684984944266
-0.05067566654725336
-0.06684388582583735
-0.05659659939680262
-0.03693534301385491
-0.021064736762100123
-0.025535197701944987
-0.03708258314291778
-0.06014289356912525
-0.07656173434398646
-0.07349162101459054
-0.056991328253439236
-0.0404315128869221
-0.029128483404819595
-0.04125543105593345
-0.051295954750539476
-0.06557198173223047
-0.06825989727980362
-0.053711319420911154
-0.0437365838690779
-0.04117397906964335
-0.04779351934006536
-0.05175960451865232
-0.051812861586611234
-0.0572200203687922
-0.049657516718627163
-0.04205741984402055
-0.03758069336676875
-0.025485073402689545
-0.0272362911079266
-0.027349070781251348
-0.03807880359061972
-0.03584513950504902
-0.035741758137834666
-0.032843947087129344
-0.027668613189004803
-0.015645046905105296
-0.013577419560818253
-0.015128140069033536
-0.030068314015859157
-0.03448238511904165
-0.03242102331216154
-0.019752106675348196
-0.00791337374495314
-0.0008865735430806566
-0.0016478363380227044
-0.01122784303321934
-0.01570143674176767
-0.018840470982639818
-9.711582980742175e-05
0.00957687392649317
0.00856185686657044
0.0023370454527850523
0.011610040815042097
0.02004658693347393
0.022662448800867385
0.020350465497710052
0.0027004466223870174
0.005523071224209178
0.01468641968184494
0.03695413962607571
0.042962789999321994
0.034623359710697584
0.025328434967516283
0.020920629401740724
0.02617741528615536
0.038094467434137046
0.04534369421395556
0.03738332893845044
0.03491783996882331
0.024451259730546022
0.01848020258174132
0.030134102158631926
0.040650806696164665
0.045136931479526854
0.03733947017660193
0.031575175762225925
0.035788749668386646
0.034513712806076305
0.04067273607708892
0.029028234806308707
0.03771226965231429
0.0502214150852509
0.05647755418607094
0.059516339828432206
0.05541241282689277
0.051321016900167195
0.05125209598869096
0.06474806356321912
0.06773359213762147
0.061414797662732126
0.04930664662383906
0.039927137125664196
0.04391828445387889
0.051549709015520154
0.06663085755400171
0.07464134712876228
0.07179679314601585
0.0658570636842458
0.05235483057231072
0.05671877737623776
0.07150544565659359
0.08141439306565408
0.08270196100277828
0.07057188058296096
0.05710097515806052
0.05229844073564834
0.05467307941287498
0.0645068403730523
0.08644875237212268
0.09255451857517638
0.0791149408373106
0.0678119113552081
0.06603876426904678
0.07117963771143321
0.07430614087749149
0.07806233055294629
0.08020201157741304
0.0766745140173112
0.06334771595277017
0.05316308489780474
0.04602350502260751
0.04688188364735698
0.044704609398448655
0.05143066380478847
0.053667460659062645
0.049836084534724684
0.04338258100558633
0.03262465327788677
0.028151059569338444
0.021901186005925336
0.02137488086374318
0.01745578721570819
0.017007801291112665
0.014062998709855362
0.015854942408237465
0.0075844330310892915
0.0024811528131444523
0.0004511186932989913
-0.0016541018754296349
0.0032173534584587784
0.0037781190563790524
0.0015726498891395393
-0.0018044747731959653
-0.007493582738688801
-0.012725306473475714
-0.00812953478549224
-0.0043482829604097216
-0.0006923418834658131
-0.006187218189343805
-0.009479758096685748
-0.008521130873425391
-0.007130181569086835
-0.004335751885595861
-0.01469268521925187
-0.021907451543332266
-0.023238878242304983
-0.01930412075075267
-0.027615356121045893
-0.02585474010969844
-0.028959313894832472
-0.029053296955936427
-0.028890392983356238
-0.029639124703484423
-0.024460658036656417
-0.036706650898501954
-0.03451058003737284
-0.03967025009198005
-0.030757523130621505
-0.03619287683113366
-0.03318541887580705
-0.025876669490622697
-0.02655648029927465
-0.026481293850391482
-0.034419729744972344
-0.03310709965822042
-0.029545141642380465
-0.02191058431203573
-0.01309497318048461
-0.02054782992602836
-0.02278775954900599
-0.03189471816997938
-0.03988014559511222
-0.03677557180997819
-0.01921953599575911
-0.00822038507789273
-0.01295713135753214
-0.021857327244076824
-0.032843947087129344
-0.03145613055149425
-0.032258119339581344
-0.02696060746202166
-0.020356731035116985
-0.010341269490138683
-0.01483679257961127
-0.01969884960738929
-0.03497736257418915
-0.034491783425152044
-0.025870403953215767
-0.0028790144384845348
0.0052943791088562175
0.0025250115749929653
-0.011566182053193583
-0.02164116620353772
-0.024109787941868313
-0.013668269853218744
-0.007528043194426918
0.002794429683490974
0.0009022373865979826
-0.011121328897301523
-0.022346039161817398
-0.029896011737168573
-0.0195986010088784
-0.0116726961891114
-0.0038846331922968696
-0.010955292156017865
