0.061643489778085085
0.001685429562464287
0.022205064570161463
0.01137195039357874
0.06522737717484929
0.06829435773554174
0.04376477878740909
0.01864937209172844
0.011606908046338632
0.029576469329415118
0.015494674007338966
0.044591829725123905
0.08118883371900458
0.02317622286823568
0.007001738052244761
-0.002590799717765735
0.07265517177076533
0.0995875843144558
0.061217433234413816
0.02630585880299743
0.016165086509880522
0.006271802944337365
0.06446611437990725
0.06423742226455428
0.12939274575922388
0.027615356121045893
0.01807920818769777
0.00208329118780437
0.025165530994936094
0.07072538624943076
0.05422196071957599
0.6583701396454362
-0.3461709417329065
-0.18103957060455145
-0.1573652375124648
-0.1577787629813222
0.16745588550632629
0.2623349184594739
0.6540375205285439
-0.023768316153190607
-0.08368565037566636
-0.12196808393201132
-0.18393111611784985
0.20673453951037318
0.09131707493730763
0.2219629281779176
-0.05334791825130919
-0.06658386602344973
-0.02803514712731023
0.12523556168972555
0.16937940549025393
0.0823040993774382
0.05636164174404273
-0.11552711147768682
-0.05351082222388938
0.0023715059085231698
0.26334993551939656
0.036456029402224734
0.07994512454372889
0.0658664619903562
-0.05953200367194953
-0.040249812302121116
0.013721526921177653
0.13969015648751404
-0.01870262915968735
0.12550184702952008
0.019701982376092754
-0.01251227820164008
-0.05998312236524852
0.09861642601638158
0.06238908872950981
0.08170260778637288
0.05843240185703324
0.007509246582206127
-0.02474887275737522
-0.053253935190205236
-0.0017606160113474523
0.009564342851679309
0.07129868292216489
0.04006811171732013
0.08108231958308676
0.027345938012547883
0.007202235249266535
-0.00023495765275989133
-0.00495917285758544
-0.003311336519562735
0.03304131151544765
0.01965185807683731
-0.01878721391468091
-0.03796602391729497
0.06840400464016302
0.11615366521837987
0.08851011417900279
0.022878609841406484
-0.011697758338739123
-0.04775592611562378
-0.051681285301065694
0.03253067021678282
0.11701830938053627
0.023592881105796555
-0.010168967211448096
-0.004044404396173596
-0.005178466666828005
0.002026901351141996
0.03522798407046637
0.0703964455355669
-0.03574489090653813
-0.0678213096613185
-0.06353881484368154
0.008956585723207056
0.033956079976859496
0.08744497281982462
0.059679243801012395
-0.020754592660457066
-0.07393334140177914
-0.06875487473495114
-0.027380398468286
0.026355983102252876
0.05351082222388938
0.028661700868003275
-0.03302564767193032
-0.07420589227898061
-0.071918971125451
-0.03200749784330413
0.02643116955113604
0.04368645956982246
0.04712623960622727
-0.03514026654676935
-0.04993633313323557
-0.07411190921787665
-0.057464376327662485
1.253107481386087e-05
0.04420336640589422
0.054895505990821006
-0.002825757370525626
-0.023097903650649048
-0.07153990611233171
-0.026619135673343952
0.010194029361075817
0.03498049534289262
0.009025506634683291
-0.04577601629503376
-0.08507346691130145
-0.07060007550129214
0.0024874183505513825
0.006215413107674992
0.017703275943281943
-0.0186619031665423
-0.06580067384758342
-0.09915839500208107
-0.06303757185112711
0.022067222747208994
0.014420134342050396
0.010920831700279748
-0.027079652672753342
-0.035412817423970816
-0.07877033627992944
-0.07216332708432129
-0.003555692478433022
-0.008583786247494696
-0.0136181455539633
-0.049196999719217774
-0.03779372163860439
-0.06099813942517125
-0.04257119391138884
0.011256037951550526
-0.014244699294656344
-0.04304424198561209
-0.06419669627140924
-0.03486458290086441
-0.0335049612835605
-0.013940820730420219
0.005062554224799792
0.0019799098205900176
-0.04609869147149068
-0.06521171333133197
-0.042712168503044774
-0.023718191853935162
-0.027684277032522128
-0.004952907320178509
-0.04261191990453389
-0.04450411220142688
-0.05190057911030826
-0.012982193507159862
-0.01928532413853188
0.005012429925544348
-0.0029416698125538394
-0.030062048478452227
-0.0685418464631155
-0.07078177608609312
-0.053385511475750776
-0.013662004315811814
0.03054449485878587
0.023527092963023785
-0.011675828957814867
-0.0827364214585164
-0.07641449421492359
-0.07105745973199806
0.008101339867161052
0.044757866466407566
0.0035838873967642087
-0.051223901070359776
-0.09707823658298016
-0.06772732660021454
-0.019025304336144265
0.03096428586505021
0.02821371494340775
-0.006227944182488852
-0.0721445304721005
-0.07726660730226613
-0.04160003561331462
0.028085271426565677
0.0359547864096703
-0.028752551160403768
-0.08565302912144251
-0.11348454628302751
-0.04430048223570164
-0.006315661706185878
0.05059734732966673
0.01638124755041962
-0.020218889212164515
-0.09281140560886053
-0.10676162464539114
-0.026324655415218223
0.018928188506336846
0.03707945037421431
-0.002719243234607809
-0.036095761001326235
-0.07627038685456419
-0.06708197624730071
-0.029435494737759183
0.023060310426207466
0.022355437467927793
-0.015861207945644395
-0.0688927165579036
-0.06021494724930495
-0.007587565799792757
0.01841441443896855
0.01847393704433439
-0.030654141763407153
-0.07915253406175218
-0.0722792395263495
-0.038016148216550416
-0.005084483605724048
0.007136447106493766
-0.013909493043385566
-0.038461001372442474
-0.08264870393481936
-0.020469510708441732
0.016165086509880522
0.03626493051131336
-0.00031014410164305654
-0.015958323775451817
-0.06506760597097257
-0.06349182331312957
-0.010203427667186214
0.01761555841958492
0.01963306146461652
0.0004855791490371087
-0.021371748095039715
-0.031669158823329886
-0.04307243690394327
-0.006278068481744296
0.00366847215175777
0.03276562786954271
0.020190694293833328
-0.011844998467801987
-0.017283484937017604
-0.03744285154381628
-0.00914455184541497
-0.0005513672918098783
0.03041291857324033
0.014774137205541967
0.006237342488599248
0.005347636176815126
-0.017186369107210185
-0.03396547828296989
-0.03892465114055533
0.014711481831472662
0.027345938012547883
0.04995199697675289
0.00994967340220553
-0.0038376416617448917
-0.03623673559298217
-0.015394425408828079
0.004962305626288905
0.024128584554089106
0.008715362533040236
-0.011406410849316857
0.007239828473708118
0.010535501149753526
0.029902277274575503
0.046057965478345626
0.037778057795087056
-0.01984922250515562
-0.02929452014610325
-0.01960486654628533
0.021077267836913983
0.031058268926154167
0.01780979007919976
0.030613415770262106
-0.001553853276918748
0.02081724803452637
0.014454594797788513
0.031020675701712585
0.007907108207546209
0.0009398306110395653
0.012715908167365318
0.014069264247262292
0.03949168227588253
0.035973583021891097
0.011544252672269327
-0.02749944367901768
-0.01975523944405166
0.01644703569319239
0.03953554103773105
0.050650604397625636
0.0499425986706425
-0.004573842307059217
-0.02944489304386958
-0.015726498891395393
0.036280594354830685
0.0826737660844471
0.07241081581189504
0.038507992902994455
-0.038410877073187036
-0.015563594918815201
0.019025304336144265
0.08410857415063416
0.11343442198377206
0.08194696374524316
0.028824604840583468
-0.007358873684439796
-0.0017825453922717088
0.04368645956982246
0.10631990425820255
0.09840339774454594
0.04585433551262039
-0.022320977012189675
-0.01777846239216511
0.004451664327624074
0.05827576342185998
0.0946879340622362
0.0787546724364121
0.05048143488763852
0.0032424156080865002
0.0447453353915937
0.04483931845269766
0.0784664577156933
0.047239019279552014
0.022747033555860944
0.010595023755119367
0.018025951119738863
0.05248640685785626
0.05904015898550549
0.06620166824162697
0.039986659731030036
0.022756431861971342
0.004182246219126065
0.05012116648674002
0.06231076951192318
0.07389574817733756
0.018461405969520527
-0.00676678039948487
-0.008389554587879853
0.002462356200923661
0.07013329296447583
0.059547667515466855
0.061546373948277666
-0.009539280702051588
-0.006346989393220531
-0.032652848196217964
0.005056288687392861
0.024836590281072244
0.020212623674757582
0.01237443637868761
-0.05517432240542941
-0.03963265686753847
-0.03933504384070927
0.015598055374553318
0.014147583464848923
0.023887361363922284
-0.006393980923772509
-0.04852658721667622
-0.0286053110313409
-0.024723810607747497
-0.004307556967264674
-0.022969460133806976
-0.024332214519814346
-0.02562604799434548
-0.02441366650610444
-0.02139367747596397
0.00015350566646979565
-0.017104917120920087
-0.05170321468198995
-0.05899003468625005
-0.055782079533901664
-0.00978676942962534
-0.014554843396299401
-0.011033611373604497
-0.10314954233029576
-0.12812397443432047
-0.12901994628351152
-0.08575954325736034
-0.06678749598917497
-0.07965690982301009
-0.08001404545520512
-0.12014481254659456
-0.14032610853431748
-0.12151383247000885
-0.08387674926657773
-0.06483891385561961
-0.09054641383625518
-0.1181147784267491
-0.12903561012702885
-0.11761353543419466
-0.0874293089763073
-0.08965984029317453
-0.07708490671746514
-0.08906148147081266
-0.09996978209627856
-0.12792661000600217
-0.13323978572707917
-0.10004810131386518
-0.12049881541008613
-0.08728833438465136
-0.12124754713021431
-0.051051598791669185
-0.14979020278748592
0.04959799411326132
-0.043818035855368
-0.26233178569077037
-0.07000798221633722
-0.17502152192519477
-0.057354729423041206
-0.11970309215940596
0.03145613055149425
0.01057935991160204
-0.12224690034661972
-0.059967458521731194
-0.11940547913257676
-0.015670109054733018
0.00865897269637786
-0.0012907007058276696
-0.028354689535063683
-0.07268649945779998
-0.03343917314078773
-0.0404941682609914
0.00777553192200067
-0.02427582468315197
-0.004185378987829531
-0.02278149401159906
-0.02588606779673309
0.02066060959935311
0.07560623988942956
0.030666672838221016
-0.09087535455011903
-0.027746932406591433
-0.009617599919638217
0.0037655879815651915
0.031747478040916516
0.07897709901435813
-0.005244254809600774
-0.03927552123534343
-0.0030481839484716566
0.008508599798611531
0.04611122254630454
0.07527103363815878
0.06332578657184591
-0.009219738294298136
0.012715908167365318
0.013511631418045483
0.06861076737459174
0.06084463375870146
0.08867615092028645
0.05180346328050084
0.026684923816116722
0.04677850228014263
0.06849798770126699
0.14170139399513873
0.13321472357745145
0.1129801705217696
0.05663105985254074
0.044854982296214985
0.04583240613169613
0.10052741492549537
0.1473873691919281
0.11532661428066505
0.06292792494650583
0.03518725807732132
0.06737332373672297
0.09740091175943708
0.15268488106948777
0.17632162093713283
0.10546779117086001
0.08377023513065991
0.05623006545849719
0.10184004501224729
0.11007609393365735
0.16200800073100027
0.14903520552995078
0.12425500508554092
0.08191876882691197
0.060296399235595044
0.11713422182256449
0.12610020585188195
0.16204246118673837
0.12364724795706868
0.09692786368521383
0.05721375483138527
0.06504254382134485
0.10471592668202837
0.12447116612608003
0.12221870542828853
0.10976281706331083
0.0820158846567194
0.0586516956662758
0.07243587796152276
0.07831608481792697
0.09131394216860417
0.07974462734670712
0.08074084779440906
0.06826303004850709
0.05956333135898418
0.07018655003243474
0.08065626303941549
0.07517705057705483
0.06945661492452734
0.039591930874393416
0.02979889590736115
0.029153545554447314
0.028386017222098336
0.06317228090537612
0.08823756330180131
0.0920313462016977
0.04303797644820516
0.018749620690239326
-0.008965984029317453
0.0025594720307310827
0.061822057594182606
0.08959091938169829
0.09151443936562594
0.042004162776061636
0.0018984578342999218
-0.02286921153529609
-0.03164409667370216
0.029855285744023522
0.01762808949439878
0.028360955072470613
-0.03454817326181442
-0.015494674007338966
-0.028693028555037928
-0.0012061159508341087
0.031543848075191276
-0.005826949788445304
-0.05177526836216965
-0.06827242835461748
-0.02618994636096922
0.0038783676548899393
0.028473734745795364
0.022505810365694122
-0.011898255535760896
-0.003662206614350839
0.012712775398661853
0.022963194596400043
0.03659073845647374
0.009241667675222392
-0.018267174309905685
-0.026800836258144937
-0.0003383390199742435
0.013564888486004392
0.03495230042456143
-0.00518159943553147
-0.045387552975804074
-0.0503655224456103
-0.030657274532110618
0.009930876789984739
0.030068314015859157
0.023179355636939146
-0.06253632885857267
-0.08223204569725849
-0.07506113813502661
-0.006654000726160122
0.03142793563316306
0.04378044263092642
0.005244254809600774
-0.03695413962607571
-0.041957171245509656
-0.015416354789752335
0.009755441742590687
0.030265678444177466
0.021365482557632785
-0.010764193265106487
-0.07956292676190613
-0.10669896927132184
-0.09141105799841158
-0.020475776245848662
0.018176324017505192
0.029642257472187888
-0.010353800564952545
-0.08122642694344616
-0.07972583073448632
-0.06661832647918785
0.013370656826389549
0.03756502952325142
0.04693514071531589
-0.03215787074107046
-0.09891717181191424
-0.09145804952896357
-0.04880853639998809
0.020801584191009043
0.01561685198677411
-0.025839076266181114
-0.04387755846073384
-0.05450390990288786
-0.0415029197835072
-0.011331224400433692
0.01791630421511758
0.04606736378445602
-0.006516158903207653
0.00030387856423612613
-0.03712644190476629
-0.04471400770455905
-0.001613375882284587
0.0033959212745562958
0.015291044041613727
0.004517452470396844
0.006547486590242305
-0.01646896507411665
-0.03176314188443384
-0.004288760355043883
0.011844998467801987
0.0157077022791746
0.013442710506569248
-0.0035180992539914392
0.004063201008394387
-0.009260464287443183
-0.007534308731833848
-0.03298805444748874
-0.05747377463377288
-0.016967075297967617
0.01483052704220434
0.028313963541918636
-0.014294823593911788
-0.04037825581896319
-0.06285900403502959
-0.0032298845332726393
0.04579794567595802
0.04243335208843637
0.006168421577123014
-0.047029123776419844
-0.015034157007929578
-0.008185924622154613
0.03314156011395854
0.0027098449284974134
0.005256785884414635
-0.03342350929727041
-0.03885259746037563
-0.012599995725337106
0.008521130873425391
0.04398407259665166
0.018307900303050732
-0.009699051905928313
-0.028348423997656753
-0.013536693567673204
-0.02035986380382045
0.005657780278458183
0.022411827304590168
0.02585474010969844
0.021985770760918896
0.021252702884308035
0.020638680218428854
0.018107403106028958
0.04519332131618923
0.05434100593030766
0.03118044690558931
0.0025375426498068262
-0.010557430530677783
0.0114565351485723
0.04617387792037384
0.0740085278506623
0.07262697685243413
0.03947288566366174
-0.013690199234143
-0.011118196128598058
0.05243001702119388
0.07015835511410355
0.061662286390305875
0.001989308126700413
-0.015588657068442922
-0.03910948449405978
-0.007581300262385827
0.012383834684798005
0.032496209761044705
0.04124603274982305
0.014313620206132579
-0.016826100706311683
-0.01968945130127889
-0.0007362006453143262
0.015466479089007779
0.012753501391806902
0.038849464691672164
0.017919436983821046
-0.01969884960738929
-0.03575742198135199
-0.019360510587415045
0.004815065497226039
0.03494916765585797
0.025647977375269738
0.020610485300097667
0.007374537527957122
-0.02016876491290907
-0.006854497923181896
0.01630919387023992
0.030842107885615068
0.002913474894222652
-0.012556136963488592
-0.05640550050589124
-0.05601077164925462
-0.010804919258251536
0.04430048223570164
0.0265157543061296
0.0036340116960196524
-0.025726296592856367
-0.04469521109233826
-0.033711724017989206
0.03348303190263625
0.05478272631749626
0.034657820166435704
-0.03337965053542189
-0.05276522327246466
-0.03534389651249458
0.021484527768364462
0.07143025920771043
0.09011095898647352
0.02447945464887721
-0.03771540242101776
-0.052846675258754756
-0.013141964711036588
0.057063381933618935
0.07919952559230417
0.058949308693104996
-0.06119863662219303
-0.09255451857517638
-0.05868302335331046
0.03216413627847739
0.0788987797967715
0.08187177729636
0.015115608994219674
-0.06956626182914862
-0.08818743900254587
-0.02624320342892813
0.05977322686211635
0.062069546321756354
0.04406865735164522
-0.04635871127387829
-0.07421215781638754
-0.06954433244822436
-0.0008834407743771914
0.05587292982630215
0.0479250956256109
0.03248367868623084
0.005071952530910188
-0.01819825339842945
-0.0031484325469825435
0.020131171688467488
0.02064181298713232
0.021882389393704543
-0.0006234209719895783
0.008925258036172405
0.01626533510839141
0.026528285380943463
0.021343553176708528
0.0294793534996077
0.030265678444177466
-0.03588899826689753
-0.029698647308850263
-0.06032146138522276
-0.06968843980858376
0.0017386866304231958
0.018170058480098263
0.0910037980669611
0.011559916515786653
0.02613042375560338
0.024181841622048013
0.0492220618688455
0.09043363416293043
0.09710643150131135
0.14159174709051744
0.05254592946322209
0.04931917769865292
0.02512793777049451
0.04029367106396963
0.0475648272247124
0.06980121948190851
0.0741338385988009
0.06445671607379685
0.09470986344316046
0.06764587461392445
0.04857984428463513
0.0714145953641931
0.05270570066709882
0.08962851260613987
0.07477292341430782
0.1227168156521395
0.06863582952421945
0.04040331796859091
0.01274723585439997
0.011331224400433692
0.020206358137350652
-0.0022837883848261437
0.0061308283526814306
0.02791296914787509
0.057201223756571405
0.0330726392024823
0.06273682605559444
0.03897790820851424
0.021011479694141213
0.030281342287694794
0.04472653877937291
0.06540594499094682
0.029880347893651245
0.07356367469477024
0.013856235975426658
-0.005814418713631444
-0.035400286349156956
-0.016472097842820114
-0.01541322202104887
0.02379024553411486
0.03837954938615238
0.02959526594163591
-0.014924510103308296
-0.03338591607282882
0.03398427489519068
-0.08926511143653791
0.44473411068132923
-0.14529154692930987
-0.11929583222795548
-0.25059956689629315
-0.042928329543583874
-0.027214361727002347
-0.0507257908465088
0.36538734495996217
0.17217696794244836
-0.053507689455185914
-0.057386057110075855
-0.1572054663085881
0.02836408784117408
-0.03097055140245714
0.0739897312384415
-0.0053601672516289875
-0.04596084964853821
-0.02291933583455153
-0.057483172939883274
0.08574387941384301
0.007020534664465552
0.006503627828393792
-0.05852011938073026
-0.08869808030121071
-0.12685207034071358
-0.0008176526316044217
0.0058676757815903525
-0.011475331760793092
0.043423306998731384
-0.007665885017379388
-0.07207247679192079
-0.12067738322618364
-0.005717302883824022
-0.10202801113445521
-0.021719485421124354
-0.03689461702070987
-0.011397012543206462
-0.07323160121220293
-0.080700121801264
-0.06457576128452854
-0.025716898286745973
0.015206459286620165
-0.010319340109214427
-0.03875234886186474
-0.106053618918408
-0.09271742254775658
-0.08565616189014598
0.014567374471113262
-0.04585120274391692
-0.04134314857963048
-0.07495149123040533
-0.06060341056853463
-0.09999484424590628
-0.03345170421560159
-0.01875588622764626
-0.07331305319849302
-0.08074711333181599
-0.08981647872834779
-0.05181912712401816
-0.04155617685146611
0.01674464872002159
0.009448430409651097
-0.04317581827115763
-0.0754589997603667
-0.11541433180436209
-0.0979836067382816
-0.09696545690965541
0.014370010042794952
0.040879498811517624
-0.009658325912783266
-0.031885319863868986
-0.0304787067160131
-0.03943842520792362
-0.030444246260274983
-0.017358671385900772
-0.04816318604707426
-0.10680861617594313
-0.07363886114365341
-0.008956585723207056
0.027624754427156287
0.01929785521334574
-0.019119287397248223
-0.02831083077321517
-0.07667138124860773
-0.04328859794448238
-0.03725801819031183
-0.011788608631139614
-0.03556319032173715
-0.040610080703019615
-0.0606785970174178
-0.052871737408382476
-0.04836994878150296
-0.03266537927103182
-0.04615821407685652
-0.04210441137457253
-0.029899144505872038
-0.015312973422537984
-0.038429673685407825
-0.05298138431300376
-0.06099813942517125
-0.0866179218821098
-0.03520605468954212
-0.057799582578933265
0.01834236075878885
0.02715797189033997
0.009912080177763948
-0.03827616801893803
-0.06735452712450218
-0.08630464501176328
-0.0811324438823422
-0.006926551603361596
0.025259514056040048
0.002534409881103361
-0.018038482194552723
-0.0569412039541838
-0.07431240641489843
-0.04970764101788261
0.01714251034536167
-0.00031327687034652177
-0.038808738698527113
-0.018981445574295753
-0.005203528816455727
-0.01725215724998295
-0.02211421427776097
0.004335751885595861
-0.005363300020332452
-0.057267011899344175
-0.001528791127291026
0.0076502211738620615
0.004229237749678044
-0.024310285138890088
-0.01852406134358983
-0.014225902682435553
-0.0564900852608848
0.0027380398468286
0.018605513329879926
-0.004385876184851305
-0.04380237201185067
-0.046477756484609965
-0.052332901191386456
-0.059613455658239625
-0.032843947087129344
-0.008091941561050657
-0.018405016132858155
-0.04611122254630454
-0.013702730308956862
-0.034441659125896605
-0.053028375843555735
-0.016970208066671082
-0.004761808429267131
0.013994077798379127
-0.02534409881103361
0.014843058117018202
-0.03823544202579298
-0.03909068788183898
-0.00973977789907336
-0.011923317685388618
0.009050568784311014
-0.008530529179535788
0.007772399153297205
-0.018251510466388357
-0.01555106384400134
-0.016882490542974058
-0.007145845412604161
-0.01650655829855823
0.003900297035814196
-0.01834236075878885
0.0036810032265716308
0.0017637487800509174
-0.0110962667476738
-0.004840127646853761
-0.006973543133913574
-0.015134405606440466
-0.04183499326607452
-0.010895769550652027
-0.008956585723207056
0.02036612934122738
0.02981769251958194
0.009147684614118435
-0.03907189126961819
-0.07090708683423173
-0.04995826251415982
-0.008762354063592213
0.009617599919638217
0.01935737781871158
-0.025190593144563813
-0.06564403541241016
-0.07368271990550192
-0.0055481333738369
0.049206398025328175
0.05940669292381092
0.05439739576697004
-0.017762798548647783
-0.05831335664630156
-0.04830102787002673
0.01555106384400134
0.08029599463851698
0.0749452256929984
0.03971410885382856
-0.03978616253400826
-0.08498261661890096
-0.020951957088775376
0.04305677306042595
0.057780785966712475
0.028943650051315144
-0.006011783141949753
-0.06675930107084378
-0.06234836273636476
-0.020391191490855103
0.06065666763649354
0.03936950429644739
0.02405966364261287
-0.0186619031665423
-0.0027098449284974134
0.022073488284615923
0.01665693119632456
0.026835296713883055
0.004602037225390405
0.011440871305054974
-0.02320755055527033
-0.013693332002846465
-0.005062554224799792
0.029197404316295826
0.05830395834019116
0.04346403299187643
0.021359217020225852
0.02393435289447426
0.04794075946912822
0.018376821214526967
0.025538330470648452
0.02321694886138073
0.025112273926977183
0.024830324743665314
-0.03275622956343231
-0.03152191869426702
-0.03686015656497175
0.0077379386975590875
0.009695919137224849
0.005704771809010161
0.003527497560101835
-0.008652707158970931
-0.003900297035814196
0.0020550962694731827
0.01116205489044657
-0.021186914741535265
-0.03013096938992846
-0.027342805243844418
-0.03424742746628176
-0.04412504718830759
-0.009457828715761491
0.006093235128239848
0.033915353983714445
0.032198596734215504
-0.018843603751343283
-0.055255774391719505
-0.020616750837504597
-0.0020488307320662524
0.033567616657629806
0.0010275481347365913
-0.055421811133003165
-0.07363259560624648
-0.030860904497835857
0.031158517524665055
0.018445742126003202
0.006202882032861131
-0.023517694656913387
-0.05857337644868917
-0.06748297064134424
-0.022433756685514422
0.030184226457887372
0.025303372817888563
-0.014401337729829605
-0.07280554466853166
-0.0830058395670144
-0.06245487687228258
-0.01982729312423136
0.007687814398303644
0.023639872636348532
0.01864310655432151
0.02355528788135497
-0.005306910183670079
-0.04780605041487922
-0.06386149002013845
-0.026600339061123163
-0.013715261383770723
0.023289002541560428
-0.013232815003437079
-0.038677162412981574
-0.06868282105477143
-0.05002091788822913
-0.031951108006641755
-0.0068576306918853615
0.010548032224567388
0.006926551603361596
-0.007753602541076414
-0.032041958299042245
-0.02178214079519366
-0.0272362911079266
0.003699799838792422
-0.03925359185441918
-0.04614255023333919
-0.06712583500914922
-0.0352436479139837
-0.009833760960177318
-0.020986417544513494
-0.02575135874248409
-0.04159063730720423
-0.04433807546014323
-0.049901872677497454
-0.025384824804178658
-0.007719142085338296
-0.016268467877094874
-0.028401681065615664
-0.029814559750878475
-0.034034399194446126
-0.026891686550545427
0.008091941561050657
-0.004072599314504783
-0.001785678160975174
-0.053225740271874045
-0.05479839016101359
-0.04793449393172129
0.0035964184715780697
0.058194311435569884
0.015428885864566196
-0.04319461488337842
-0.11000404025347765
-0.06381449848958648
0.0012781696310138087
0.04429421669829471
0.055669299860576914
-0.028235644324332006
-0.06622986315995816
-0.10217525126351808
-0.03894971329018305
0.017440123372190867
0.04022161738378993
0.06001131728357971
-0.006650867957456657
-0.0392692556979365
-0.053523353298703245
-0.014677021375734544
0.01705166005296118
0.009141419076711505
-0.001741819399126661
0.008317500907700153
-0.004379610647444374
-0.028401681065615664
-0.006093235128239848
-0.028088404195269142
0.038100732971543975
0.03735513402011925
0.06611081794922649
0.050907491431309786
-0.010833114176582722
0.0010463447469573827
-0.04118651014445721
0.03718596451013213
0.016863693930753265
0.031753743578323446
0.0228410166169649
-0.0026597206292419697
0.015811083646388953
0.03129635934761752
0.051787799436983514
0.017534106433294824
0.0131858234728851
0.0016948278685746828
0.002722376003311274
0.024554641097760375
0.09168047610690959
0.10430240121317096
0.050985810648896415
-0.01086757463232084
-0.04542827896894912
0.008348828594734806
0.09769852478626627
0.1422276991373209
0.1099539159542222
0.047746527809513384
-0.0500867060310019
-0.05565363601705959
0.0146989507566588
0.09745730159609946
0.12478444299642655
0.06659952986696706
0.026193079129672683
-0.028044545433420626
0.018527194112293296
0.08367625206955596
0.11156102629909986
0.11271701795067852
0.06871101597310261
0.06244234579746872
0.004752410123156735
0.03575115644394506
0.06375497588422065
0.09233522476593382
0.03131515595983832
0.00985882310980504
0.026760110264999887
0.047339267878062904
0.1132683852424884
0.10288012422179775
0.10922084807761134
0.01361188001655637
0.006121430046571035
0.005444752006622548
0.045033550112312505
0.07891131087158537
0.08407098092619258
0.06061594164334849
0.012553004194785127
0.017631222263102243
0.019968267715887295
0.05381470078812551
0.07204114910488614
0.09600369691769159
0.06676869937695418
0.018749620690239326
0.0011027345836197567
0.038009882679143486
0.055822805527046715
0.09542726747625399
0.05197889832789489
0.02286921153529609
0.005770559951782931
-0.009019241097276361
0.027634152733266686
0.03276249510083924
0.0436739284950086
0.04129302428037503
0.055265172697829906
0.04864249965870443
0.04271530127174824
0.014933908409418693
-0.017430725066080472
0.002932271506443444
0.0659197190583151
0.08537734547553757
0.058015743619472364
-0.006779311474298731
-0.055697494778908105
-0.03103007400782298
0.022280251019044628
0.10702477721648222
0.10281433607902497
0.06382702956440034
-0.026296460496887036
-0.055052144425994265
-0.03396547828296989
0.04207308368753787
0.09016421605443242
0.08189683944598772
0.0325056080671551
-0.0493661692292049
-0.043022312604687835
-0.0011434605767648043
0.045465872193390704
0.07497028784262612
0.03966085178586965
0.007825656221256113
-0.02259352788939115
0.0008082543254940262
0.034125249486846615
0.00928239366836744
0.017430725066080472
-0.018517795806182902
-0.02365866924856932
-0.008229783384003127
0.020281544586233817
0.023574084493575762
0.012120682113706926
-0.018921922968929913
-0.02857398334430625
-0.027646683808080545
0.01093336277509361
0.010306809034400566
-0.010554297761974318
-0.02893425174520475
-0.04781544872098962
-0.00833316475121748
-0.0007957232506801652
-0.005115811292758701
-0.020729530510829344
-0.001253107481386087
0.03672544751072274
0.05588546090111601
0.017546637508108684
-0.02176647695167633
-0.07169027901009804
-0.0668031598326923
0.008414616737507574
0.029375972132393346
0.007615760718123944
-0.05379277140720125
-0.0892024560624686
-0.03313842734525507
0.034263091309799085
0.05529963315356802
0.007011136358355157
-0.04144339717814136
-0.10524536459291399
-0.08809032317273845
0.004056935470987457
0.06583826707202502
0.04774966057821685
-0.04819764650281237
-0.12161408106851974
-0.12309274789655533
-0.057163630532129826
0.01792883528993144
0.03027820951899133
0.03828869909375189
-0.034269356847206014
-0.07997331946206007
-0.09090354946845022
-0.04573529030188871
0.006453503529138348
0.04096095079780772
0.03983628683326371
-0.006259271869523505
-0.059685509338419325
-0.0962104596521203
-0.06752682940319277
-0.014849323654425131
0.02550073724620687
0.0027693675338632522
-0.036161549144099005
-0.062169794920267245
-0.07686248013951912
-0.025221920831598466
0.008956585723207056
0.03466095293513917
0.022831618310854507
-0.04115831522612603
-0.0659385156705359
-0.08562483420311133
-0.06388341940106272
-0.023827838758556444
0.0022242657794603045
0.029441760275166113
-0.028906056826873562
-0.016813569631497823
-0.05944115337954904
-0.04014956370361023
-0.02193877923036692
0.024585968784795027
0.028683630248927533
-0.009987266626647114
-0.042326837952518556
-0.08241374628205948
-0.07306556447091928
-0.024620429240533145
0.01849273365655518
0.017925702521227976
-0.009028639403386758
-0.053297793952053744
-0.027007598992573642
-0.021030276306362006
0.00010338136721435218
-0.0049842350072131615
-0.03715150405439401
-0.03886512853518949
-0.05943175507343864
-0.005266184190525031
-0.030907896028387838
-0.028893525752059702
-0.03727368203382916
-0.06446298161120378
-0.042680840816010125
-0.02093002770785112
0.015914465013603305
-0.0029354042751469087
-0.03927552123534343
-0.06796854979038136
-0.05647442141736748
-0.015093679613295418
0.003931624722848848
-0.0106639446665956
-0.04607676209056642
-0.07821270345071263
-0.05944115337954904
0.003919093648034987
0.013364391288982619
0.0033865229684459
-0.0065568848963527
-0.042878205244328435
-0.07705044626172702
-0.07052488905240897
-0.015444549708083522
0.03166602605462642
0.016425106312268137
-0.0329379301482333
-0.07512379350909591
-0.08950633462670474
-0.06237029211728902
0.005971057148804705
0.025021423634576694
0.005498009074581457
-0.03615215083798861
-0.04998332466378755
-0.04758675660563665
-0.05142753103608501
0.005786223795300257
-0.016230874652653292
-0.010053054769419882
-0.020767123735270926
-0.01749024767144631
-0.013505365880638553
-0.02347070312636141
0.028138528494524584
-0.0088626026621031
-0.005219192659973053
-0.04119904121927108
-0.03096428586505021
-0.038106998508950905
-0.004169715144312205
0.03485205182605054
0.017176970801099787
0.0027537036903459264
-0.062266910750074664
-0.042950258924508135
-0.034172241017398595
0.03963265686753847
0.025005759791059366
-0.0011841865699098522
-0.07504860706021275
-0.07768639830853047
-0.022411827304590168
0.05334791825130919
0.07037764892334611
0.0025720031055449437
-0.03648109155185246
-0.06461022174026665
-0.021995169067029294
0.014413868804643466
0.04604543440353177
0.018993976649109613
-0.021810335713524844
-0.03570103214468962
-0.018962648962074963
0.011744749869291101
0.051643692076624115
0.04156870792627997
0.02791923468528202
-0.017769064086054713
-0.03745538261863014
-0.040628877315240404
-0.010726600040664905
0.05378024033238739
0.05042504505097614
0.04196030401421313
-0.022483880984769868
-0.012734704779586109
0.002982395805698887
0.04619894007000156
0.053529618836110175
0.03387149522186593
0.0024529578948132656
-0.04158750453850076
-0.017180103569803252
0.006729187175043287
0.06933130417638873
0.062320167818033574
0.03199809953719373
-0.015453948014193919
-0.002919740431629583
0.02340491498358864
0.0651459251885592
0.06455696467230773
0.030629079613779434
0.011121328897301523
-0.013195221778995497
0.017722072555502736
0.008536794716942717
0.04594518580502088
0.03035026319917103
0.015619984755477575
-0.01747771659663245
0.0087905489819234
0.038191583263944465
0.03946035458884788
0.05860470413572382
0.02319501948045647
0.015419487558455802
0.0011183984271370827
0.03733633740789846
0.054908037065634865
0.059929865297289615
0.029435494737759183
0.019404369349263557
0.006654000726160122
0.05283727695264436
0.061656020852898945
0.07543393761073898
0.04949774551475044
0.030177960920480442
0.04368332680111899
0.027145440815526112
0.06081017330296334
0.06997038899189563
0.06902116007474568
0.052602319299884466
0.03743971877511282
0.03215787074107046
0.03988954390122262
0.05982021839266833
0.04564130724078475
0.03418163932350899
0.00879681451933033
0.03680376672830937
0.029914808349389362
0.07204741464229307
0.08995432055130026
0.07655860157528299
0.049554135351412815
0.014291690825208323
0.023643005405051997
0.021356084251522387
0.055428076670410095
0.05627079145164224
0.0384140098418905
0.02996179987994134
0.0330726392024823
0.040209086308976065
0.04561311232245357
0.06019301786838069
0.07150857842529705
0.04904349405274798
0.03322927763765556
0.03921286586127413
0.006675930107084379
0.011531721597455465
-0.00023495765275989133
0.006274935713040831
-0.0032486811454934305
-0.0003383390199742435
0.011710289413552984
-0.003662206614350839
0.004257432668009231
0.0072993510790739565
0.019084826941510105
-0.026941810849800872
0.0001065141359178174
-0.0062686701756339
-0.010895769550652027
-0.030281342287694794
-0.02404713256779901
-0.00943276656613377
-0.03043484795416459
-0.018677567010059626
-0.026869757169621172
0.006096367896943313
-0.00047618084292671306
0.015278512966799867
0.004642763218535452
-0.056913009035852606
-0.07915879959915911
-0.10298977112641902
-0.03549426941026092
-0.04176293958589482
-0.024116053479275246
-0.0666402558601121
-0.12342168861041918
-0.13311760774764403
-0.10882298645227126
-0.05399640137292649
-0.06179072990714795
-0.07381429619104746
-0.09249812873851401
-0.1273470477958611
-0.13867513942759133
-0.10724093825702133
-0.0672448802198809
-0.08398326340249555
-0.09893596842413503
-0.12527002214546365
-0.14131919621331596
-0.1008124968775107
-0.05935343585585201
-0.04456363480679272
-0.08207227449338177
-0.12109090869504105
-0.13218717544271485
-0.11376962823504284
-0.08408037923230298
-0.07506113813502661
-0.055506395887996725
-0.10180558455650918
-0.13500040173842662
-0.1634459415658908
-0.08959405215040175
-0.07416203351713209
-0.0019329182900380392
-0.042016693850875496
-0.06444105223027953
-0.08144572075268873
-0.007111384956866044
0.3288216686531162
-0.33967984497932663
-0.11476271591404132
-0.13192089010292032
-0.05602016995536502
-0.08037431385610362
-0.2117125089801794
0.13449915874587218
-0.018539725187107156
0.18825120415992838
0.02635285033354941
-0.10179305348169532
-0.04325413748874426
-0.1369552494093889
0.05027467215320981
0.0001942316596148435
0.18502758516406267
0.026384178020584063
-0.06264910853189742
-0.12761333313565565
-0.11793621061065158
0.026963740230725126
0.023285869772856963
0.06039351506540246
-0.014946439484232552
0.046314852512029776
-0.08231976322095552
0.04674404182440451
0.12736897717678536
0.10590637878934514
-0.017787860698275506
-0.021017745231548146
0.04603603609742137
-0.03015916430825965
0.08468813636077523
0.03762455212861726
0.07252046271651633
0.03662519891221186
0.0934630214991813
0.0021804070176117915
0.0627775520487395
0.14665743408402068
0.15853062747015387
0.08992925840167254
0.022314711474782745
0.016741515951318123
0.048535985522786616
0.11174899242130777
0.07052488905240897
0.0940488492467293
0.03400307150741147
0.0546166895762126
0.07949087308172643
0.10793954567789407
0.08644875237212268
0.07589445461014836
0.07182185529564358
0.06394920754383548
0.08552145283589697
0.15448935584268375
0.15485902254969264
0.10521090413717586
0.04351102452242841
0.06434080363176864
0.04166895652479086
0.06726994236950862
0.13050487864895402
0.14818309244260824
0.1282210902641279
0.07378610127271627
0.07869828259974973
0.08606342182159646
0.13163580815090498
0.12262283259103554
0.10512005384477538
0.038197848801351394
0.031609636217964046
0.058811466870152526
0.09883885259432762
0.10790821799085942
0.11022333406272021
0.09410523908339168
0.06796854979038136
0.04800968038060446
0.05148078810404392
0.06648361742493884
0.08078470655625757
0.08088495515476846
0.05632404851960115
0.03433827775868225
0.023276471466746565
-0.0033771246623355046
-0.01974897390664473
0.04184125880348145
0.0982279626971519
0.09332517967622883
0.07843513002865865
0.0853930093190549
0.03742092216289202
-0.0015475877395118175
-0.0017888109296786392
0.03901863420165928
0.06540281222224335
0.0840239893956406
0.07113891171828816
0.03787517362489448
-0.024438728655732163
-0.04357681266520118
-0.02275016632456441
0.007615760718123944
0.03980495914622906
0.014586171083334053
-0.011121328897301523
-0.05501768397025615
-0.062326433355440504
-0.043075569672646745
-0.049560400888819744
-0.01143147299894458
0.02392808735706733
0.02807587312045528
-0.01899710941781308
-0.04629918866851245
-0.02383097152725991
-0.018311033071754197
0.030763788668028435
0.055572184030769495
0.03662519891221186
0.0006547486590242305
-0.06939082678175457
-0.06176566775752023
-0.03310396688951695
0.05841673801351591
0.06207894462786675
-0.003511833716584509
-0.07591011845366569
-0.07879539842955716
-0.031490591007232366
0.013345594676761828
0.0832126023014431
0.020040321396067
-0.004642763218535452
-0.07178426207120199
-0.05081350837020583
-0.0026565878605385044
0.05314428828558395
0.03698860008181382
-0.017828586691420553
-0.08819997007735973
-0.08830648421327755
-0.047051053157344105
0.028451805364871106
0.07799967517887699
0.027634152733266686
-0.05127089260091175
-0.11248206029791864
-0.06193483726750735
0.00460516999409387
0.06032772692262969
0.0878428344451647
0.011528588828752
-0.048711420570180665
-0.0818811756024704
-0.032330173019761044
0.009022373865979826
0.06442852115546567
0.015942659931934493
-0.08525203472739896
-0.13373789595093014
-0.10630737318338869
0.005880206856404213
0.04176920512330175
0.05439739576697004
-0.019955736641073436
-0.0641465719721538
-0.05970117318193665
-0.02199830183573276
0.042411422707512116
0.03363653756910604
0.024661155233678192
-0.045171391935264975
-0.03958253256828302
-0.06243608026006179
-0.023057177657504
0.009263597056146648
0.04305990582912941
0.02576388981729795
-0.006713523331525961
0.015419487558455802
-0.01767508102495076
-0.004310689735968139
0.018733956846722
0.03933504384070927
0.020914363864333794
-0.007073791732424462
-0.00884380604988231
-0.04205428707531708
0.00015663843517326088
0.026001980238761307
0.038783676548899394
-0.014344947893167231
-0.0018671301472652697
-0.026456231700763763
-0.005472946924953735
0.032771893406949644
0.0395574704186553
0.01997453325329423
0.007678416092193248
-0.0007080057269831392
-0.018379953983230432
0.014448329260381584
0.0016572346441331
0.021503324380585255
0.02726448602625779
0.05004284726915339
0.025447480178247963
0.015432018633269661
0.010121975680896117
0.02710471482238106
0.059547667515466855
0.03434454329608918
0.012834953378096996
0.006387715386365579
-0.010667077435299066
0.0007737938697559087
0.02979889590736115
0.03550366771637131
0.011080602904156474
-0.03131515595983832
-0.016287264489315667
0.006475432910062605
0.05562230833002494
0.03918780371164641
0.02160357297909614
0.020391191490855103
0.0023777714459301
0.029820825288285405
0.0411520496887191
0.05088556205038553
0.006816904698740313
-0.005964791611397774
-0.01322654946603015
0.010256684735145122
0.05226398027991022
0.05090435866260632
0.04204802153791015
0.020278411817530352
0.003571356321950348
0.021274632265232293
0.03186965602035166
0.06286213680373305
0.05729833958637883
0.039980394193623106
0.0019078561404103176
-0.02231784424348621
0.016550417060406743
0.024222567615193064
0.030704266062662598
0.023633607098941602
0.005839480863259166
-0.019889948498300666
-0.022117347046464435
0.016450168461895856
0.04711997406882034
0.048745881025918786
0.014153849002255853
-0.015751561041023113
-0.03283141601231548
0.007556238112758105
0.008270509377148174
0.014864987497942458
0.0013220283928623217
-0.018226448316760634
-0.019786567131086313
0.0027035793910904827
0.017568566889032942
0.028548921194678528
0.030516299940454683
-0.015920730551010235
-0.024764536600892544
-0.008261111071037778
-0.013608747247852906
-0.00010024859851088696
0.001181053801206387
-0.013909493043385566
-0.03138720964001802
-0.011240374108033201
0.024332214519814346
0.029927339424203222
0.03528124113842528
-0.009564342851679309
-0.04792196285690743
-0.05211674015084736
-0.04519332131618923
-0.015829880258609746
0.02945115858127651
0.02691048316276622
0.013746589070805375
-0.003909695341924591
-0.026678658278709792
-0.022700042025308967
0.012866281065131649
0.04400600197757591
0.02279715785511639
0.008552458560460044
-0.005673444121975509
-0.057680537368201584
-0.06099187388776432
-0.007656486711268992
0.021550315911137232
0.009811831579253062
-0.0634980888505365
-0.048861793467947
-0.04351729005983534
0.026020776850982096
0.09049002399959281
0.08238868413243176
0.01548527570122857
-0.09172746763746158
-0.07692513551358841
-0.01847080427563092
0.04361753865834622
0.08117316987548726
0.06425308610807161
0.00524738757830424
-0.04418770256237689
-0.010491642387905014
-0.00669472671930517
0.04757735829952626
0.04138387457277552
0.016503425529854766
-0.03678497011608858
-0.026174282517451894
0.007180305868342279
0.05248014132044933
0.08100400036550014
0.07535875116185581
0.014526648477968213
-0.0564900852608848
-0.036647128293136114
-0.018968914499481893
0.06655567110511855
0.053423104700192355
0.05817551482334909
-0.012966529663642536
0.013348727445465293
0.05395254261107798
0.11578399851137097
0.12315227050192117
0.09196555805892492
0.06234209719895783
0.021196313047645663
0.05228904242953795
0.049482081671233115
0.10315580786770269
0.08553085114200737
0.0498705449904628
0.041089394314649794
0.0542658194814245
0.10169280488318443
0.09497928155165847
0.1313287968179654
0.08579087094439498
0.053626734665917594
0.04557865186671545
0.05694433672288726
0.049460152290308854
0.022183135189237205
0.0057768254891898616
0.013615012785259836
-0.00727115616074277
0.018874931438377936
0.01082058310176886
0.02193251369295999
0.007111384956866044
0.050757118533543456
0.0775109632611364
0.09809951918030982
0.08318127461440845
0.04531236652692091
0.038395213229669704
0.03290346969249518
0.07151797673140745
0.03336711946060803
0.03801301544784695
-0.024601632628312355
-0.02174141480204861
-0.030419184110647264
0.015842411333423605
0.03043484795416459
0.01663186904669684
-0.012114416576299997
-0.03964832071105579
-0.026659861666489003
0.013157628554553914
0.011832467392988127
0.03203882553033878
-0.024576570478684633
-0.016280998951908737
-0.09010469344906659
-0.062320167818033574
-0.06395860584994588
-0.02927572353388246
0.020550962694731827
-0.006105766203053709
0.48851455331225563
-0.15065484694964232
-0.19160326667263616
-0.36954139626075705
-0.002114618874839022
-0.012997857350677188
-0.010385128251987195
0.4616761238296691
0.24904258085067094
-0.061565170560498456
