-0.02477393490700294
0.06260211700134544
0.1302103983908283
0.14922003888345525
0.023351657915629733
-0.051208237226842444
0.014824261504797409
0.08201901742542286
0.045406349588024864
0.012123814882410391
0.01651282383596516
0.04003051849287855
0.002183539786315257
0.02713917527811918
0.06128008860848312
0.08480404880280344
0.09021434035368787
0.07128615184735103
0.07633617499733696
0.05885532563200104
0.09985386965425035
0.10293338128975665
0.08410857415063416
0.055750751846867015
0.04284061201988685
0.07276795144409007
0.12074630413765988
0.11961224186700548
0.11108484545617316
-0.018076075418994305
0.11186177209463252
0.06980121948190851
0.13609060524723252
0.04733613510935944
0.094255611981158
0.04871455333888413
0.10026426235440429
0.06672797338380913
0.1563220255342109
0.0766839123234216
0.13036077128859463
0.007590698568496222
0.0220484261349882
0.04845453353649652
-0.013655738778404883
1.449745107365192
-0.6384238013104733
-0.660017975983459
-0.7768420537043804
0.21156840161982
0.8542433700608956
0.5526767891279267
0.8334981757065488
-0.3724548711549797
-0.8045639239613441
-0.24399569046938846
-0.04543141173765258
1.0534623974516557
0.2957678260628547
0.29493450958773293
-0.6437620391811779
-0.47000615581218314
-0.014987165477377601
0.3547421969055874
0.7129868292216489
0.07809679100868441
-0.09019554374146709
-0.626961000624494
-0.3259865129764801
-0.03493663658104411
0.5723035850551363
0.355271634816473
-0.14354346199277626
-0.09435272781096542
-0.33238989220636306
-0.11207793313517163
0.038633303651133065
0.5132884882192585
0.11393253220762303
-0.14443003553585693
-0.2890637010374391
-0.2460915127320067
-0.0431695527337507
0.32042898129653286
0.2604865849244294
-0.015792287034168163
-0.1632203822192413
-0.2680678851868152
-0.07818450853238143
0.1005242821567919
0.1751092394488918
-0.02439486989388365
-0.021139923210983288
-0.34090475754238153
-0.268127407792181
-0.06445358330509339
0.1655636932094333
0.1584899014770088
-0.06388028663235926
-0.18142176838637422
-0.34780311422741195
-0.27155778952247545
-0.12611900246410274
0.04544081004376298
0.21098883940967894
0.047123106837523805
-0.1441982106518005
-0.34932563981729603
-0.22836004187039358
0.025635446300455875
0.11121955451042215
0.08425581427969703
0.01303545057511877
-0.1345054242832791
-0.2940917948065008
-0.20925015277925574
-0.008330031982514013
0.1208246233552465
0.05380216971331165
-0.08122642694344616
-0.3406697998896216
-0.3980433259248836
-0.20283737524326245
0.0843936561026495
0.17956090377651587
0.10865068417358067
-0.13510378310564097
-0.3552810331225834
-0.3598736720418634
-0.18998989079035158
0.005263051421821566
0.03619914236854059
-0.09529569119070845
-0.2548382029520816
-0.32059188526911303
-0.2862504747417273
-0.15514723727041144
0.05494563029007645
0.14263495906877136
0.03764961427824499
-0.17728651369780013
-0.28680497480224065
-0.2266276207773773
-0.0578685034904095
-0.04399347090276205
-0.05819744420427335
-0.09878246275766524
-0.15823927998073162
-0.16226802053338787
-0.013903227505978636
0.06685954966935467
-0.023057177657504
-0.14171705783865604
-0.2504523267672303
-0.25036460924353326
-0.1373625093408394
0.03630878927316187
-0.022866078766592624
-0.07215706154691436
-0.16078622093664882
-0.1728285838327691
-0.11430846445203886
-0.028342158460249824
0.04413757826312145
-0.05057541794874247
-0.09739777899073361
-0.21466044433014017
-0.14659791147865486
-0.01108373567285994
0.10795207675270793
0.07835681081107203
-0.09309648756087587
-0.15765658500188706
-0.1688029760488163
-0.07032752462409067
0.05075398576483999
0.14812983537464935
0.08777704630239193
-0.04509620548638181
-0.10990379165496676
-0.09028952680257103
0.002308850534453865
0.09001071038796263
0.08221638185374117
-0.06994532684226791
-0.1592918902650959
-0.13609060524723252
-0.040920224804662675
0.03144046670797692
0.0507978445266885
0.013342461908058361
-0.07356994023217717
-0.10887311075152671
-0.06984507824375702
-0.05205408477677805
-0.04238949332658786
-0.031832062795910075
-0.0386301708824296
-0.07812811869571906
-0.0897256284359473
0.0003727994757123609
0.0008176526316044217
-0.04782171425839655
-0.13887250385590963
-0.14749075055914243
-0.17140317407269245
-0.073225335674796
-0.09354760625417487
-0.14599641988758955
-0.19597661178267362
-0.2681023456425533
-0.2782556490104841
-0.25093164037886045
-0.23695322642399866
-0.1903752213408778
-0.1666069051876872
-0.1741443466882245
-0.2787944852274801
-0.3464246959978872
-0.36411544086635533
-0.2938725009972582
-0.19733310063127404
-0.2028217113997451
-0.14038876390838678
-0.18629948925766956
-0.3337119205992254
-0.35565383259829575
-0.30866543481502096
-0.20928461323499387
-0.17715493741225458
-0.1569329154313866
-0.17554782706737693
-0.2567209969428642
-0.2899847350362579
-0.2569528218269206
-0.21532145852657134
-0.1644985518502551
-0.17722072555502735
-0.1772363893985447
-0.28884127445949304
-0.3402844693390954
-0.3210649333433363
-0.21610465070243765
-0.1120810659038751
-0.09930250236244047
-0.19476736306313605
-0.26510428599333713
-0.28020109837533597
-0.22803110115652972
-0.18566040444216264
-0.09170867102524077
-0.12302695975378256
-0.20783414132528946
-0.30983395754141346
-0.2928198907128939
-0.21616417330780346
-0.15492481069246541
-0.09474119113019511
-0.14679840867567662
-0.21169684513666207
-0.30271630704714053
-0.24185600944492172
-0.22352617976094674
-0.19262141650126235
-0.1542136721967788
-0.27453078702206396
-0.2673912071468667
-0.23368574866628444
-0.13898528352923437
-0.11490682327440072
-0.1253922001248988
-0.24027082848096834
-0.3634481611325172
-0.2846151694785185
-0.17594255592401356
-0.09183711454208285
-0.16227115330209135
-0.14989358415470028
-0.28892272644578315
-0.16734937137040845
-0.2750132334023976
-0.08737918467705184
-0.28089657302750526
-0.03779372163860439
-0.21923115386849593
-0.012587464650523244
-0.3205950180378165
0.1268583358781205
0.4393112880556309
-0.6633136486595044
-0.6240005341997193
-0.732657483910707
0.27713411781464353
0.3206138146500373
0.26215635064337633
0.010974088768238657
-0.399446806304036
-0.7664349960714689
-0.37025566752514716
0.08353214470919657
0.5688732033248419
0.026716251503151375
-0.28619721767376843
-0.59408572585033
-0.4047004594197472
0.020507103932883314
0.38608554778375687
0.20392444598336487
-0.26586241601957566
-0.4908766609146684
-0.44045474863239575
-0.17217696794244836
0.1833045623771568
0.31510327450064196
-0.042004162776061636
-0.3621042033587306
-0.26852526941752114
-0.22079127268282162
-0.024228833152599993
-0.011268569026364387
0.056775167212900136
-0.22976978778695292
-0.2822969206379542
-0.2294565109166064
0.04223598766011806
0.13740950087139137
0.09426814305597186
-0.222780580809522
-0.33101147397683833
-0.2676668907927717
-0.023289002541560428
0.16113082549403
0.05676263613808628
-0.10055560984382655
-0.18891535112506302
-0.14903520552995078
-0.15990904569967856
-0.0667217078464022
0.009410837185209514
-0.062464275178392974
-0.13073983630171393
-0.1822519520927925
-0.12869100556964766
-0.1055774380754813
-0.02398760996243317
-0.08977888550390621
-0.1279767343052576
-0.10219404787573887
-0.04618014345778077
-0.10105058729897405
-0.1836836273902761
-0.24257967901542218
-0.20033116028049028
-0.1678130211385213
-0.1279234772372987
-0.06601370211941907
-0.07419962674157368
-0.1694514591704336
-0.12006649332900793
-0.09869161246526476
-0.05292186170763792
-0.1401632045617373
-0.17082361186255138
-0.20986417544513492
-0.25330001351868014
-0.12109404146374451
-0.04826030187688168
0.014617498770368706
-0.019795965437196708
-0.12636649119167648
-0.20749580230531522
-0.20064130438213332
-0.08043070369276599
-0.022721971406233225
-0.05406218951569926
-0.08156476596342041
-0.16428239080971602
-0.11490369050569725
-0.15474937564507135
-0.12214351897940537
-0.1347341163986321
-0.10764193265106488
-0.13152302847758024
-0.13261323198638614
-0.0972192111746361
-0.08407411369489605
-0.10124795172729237
-0.15044495144651016
-0.10703417552259262
-0.08073771502570559
-0.0451870557787823
-0.1260406832465161
-0.08057481105312539
-0.11900761750723668
-0.040137032628796365
-0.013126300867519262
0.054225093488279454
0.022424358379404027
-0.03232704025105758
-0.07354801085125291
-0.11738797608754517
-0.0486550307335183
-0.06677183214565764
-0.08517684827851581
-0.13067404815894115
-0.07952846630616801
-0.025215655294191536
0.0055794610608715526
0.04503041734360904
0.1681638912333094
0.1678756765125906
0.07249226779818513
-0.0042824948176369525
0.02696687299942859
0.013768518451729632
0.08881085997453546
0.09069365396531805
0.1038575480572789
0.026688056584820187
0.016306061101536456
0.08997624993222451
0.1795859659261436
0.2114869496335299
0.2031381210387951
0.14839612071444389
0.04954473704530241
0.03475180322753966
0.10826848639175791
0.15492794346116887
0.21169997790536554
0.22472916294307738
0.21926561432423405
0.07721961577171414
-0.005657780278458183
0.030992480783381397
0.1160158233954274
0.18159093789636133
0.23783040166096892
0.2677170150920271
0.22801230454430893
0.15015360395708788
0.20529659867548264
0.22482941154158828
0.1940154985743044
0.13282939302692523
0.12729379072790217
0.15584584469128418
0.17400023932786512
0.19737069385571565
0.21607019024669952
0.22648664618572137
0.11626331212300116
0.164868218557264
0.1402446565480274
0.24439355209472854
0.23974452333878618
0.22192533495347602
0.19408441948578062
0.1456048237996564
0.13161074600127726
0.06286840234113998
0.08944367925263542
0.08772065646572956
0.1024070761475745
0.10247286429034727
0.15341481617739516
0.1949240014983093
0.19799098205900176
0.18039108748293417
0.11867554402466937
0.0942650102872684
0.15643793797623912
0.22316904412875171
0.2288236916385064
0.1851340992999805
0.1402258599358066
0.0812671529365912
0.09303383218680657
0.12710895737439773
0.19850475612637006
0.2642051813754426
0.26526405719721385
0.17551336661163883
0.177972590043859
0.19502738286552365
0.1746487224494824
0.19108009429915748
0.1552662824811431
0.14599328711888607
0.0747917200265286
0.057194958219164475
0.07935303125877397
0.08226024061558969
0.13757553761267502
0.1304359577374778
0.08002657653001899
0.03793156346155686
0.06114537955423412
0.13840572131909332
0.14244699294656343
0.1457833916157539
0.024128584554089106
-0.04750217185064309
0.0012875679371242045
0.09108838282195467
0.088626026621031
0.0045895061505765436
-0.09257331518739718
-0.10923024638372174
-0.09366665146490653
0.02743992107365184
0.15477443779469907
0.12614093184502698
-0.008850071587289239
-0.1370022409399409
-0.08374204021232873
-0.019589202702768007
0.07092901621515599
0.0942650102872684
0.00835196136343827
-0.10917698931576283
-0.1371275516880795
0.0057768254891898616
0.10711249474017925
0.10359126271748435
0.03724235434679451
0.012900741520869766
-0.056925540110666466
0.021691290502793167
0.12435838645275528
0.1519330165806561
0.1353356079896974
0.03571982875691041
-0.033627139262995646
-0.08884532043027357
0.02004658693347393
0.14396638576774407
0.18556328861235524
0.10819643271157822
0.04347343129798682
0.0901485522109151
0.09791781859550884
0.1268865307964517
0.11541433180436209
0.15641287582661137
0.03447611958163472
-0.0037906501311929133
0.08925884589913098
0.06942215446878922
0.13957111127678237
0.08278341298906837
0.134470963827541
0.08616367042010735
0.07099480435792876
0.1764876576784165
0.19017159137515258
0.17475210381669676
0.10629484210857483
0.07470713527153504
0.15386906763939762
0.21017745231548143
0.2941701140240874
0.20985477713902453
0.1811272881282485
0.1702722445707415
0.13587444420669342
0.1894385234985417
0.24043373245354852
0.224538064052166
0.1794512568718946
0.10948086787999896
0.14294197040171094
0.19258695604552425
0.275022631708508
0.328025945402436
0.2764793691556193
0.16693584590155106
0.0752334404137172
0.14185176689290505
0.2907929893617519
0.2996305298742273
0.30864977097150365
0.3181984499796656
0.16519402650242437
0.13177051720515398
0.21853254644762318
0.3548925698033537
0.35673777056969475
0.2262767506825892
0.19626482650339241
0.0789708334769512
0.19484881504942614
0.3044487281401568
0.41031438093635686
0.37487650136275835
0.2525418834924416
0.10474725436906301
0.08921811990598594
0.2698003062798315
0.410483550446344
0.3830498949100991
0.19875851039135073
0.07997645223076354
0.13145097479740053
0.3130763731495
0.4138324801903483
0.3923604834967977
0.26397648926008965
0.18982385404906793
0.14654778717939942
0.0835916673145624
0.3258016796229757
0.3769723236253766
0.2676292975683301
0.10252925412700964
0.08926824420524138
0.13698970986512704
0.12375062932428302
0.34743971305780996
0.2485945949260754
0.20217949381553474
0.096551931440798
0.10798027167103912
0.14707722509028504
0.21898993067832911
0.23983537363118665
0.19996462634218484
0.11070891321175733
0.03858944488928455
0.022778361242895596
0.022001434604436224
0.04150918532091413
0.1536278444492308
0.22740768018454013
0.19151241638023567
0.14997190337228689
0.24148634273791283
0.16102431135811218
0.1309121385804045
0.10780796939234853
0.11772631510751941
0.14374082642109456
0.09956565493353155
0.09358519947861645
0.05143692934219541
0.028949915588722074
0.030096508934190344
0.030932958178015557
0.12346241460356422
0.15653505380604651
0.10067465505455823
0.09361965993435456
0.059547667515466855
0.11225023541386221
0.05459476019528835
0.04123036890630573
0.06252693055246228
0.02738666400569293
0.0682348351301759
-0.009996664932757509
0.051374273968126105
0.008850071587289239
-0.029097155717784942
-0.01303545057511877
0.03701052946273808
0.13242526586417822
0.10725973486924212
0.12026385775732623
0.00597418991750817
-0.032389695625126884
-0.025832810728774185
-0.0009179012301153088
0.04188198479662649
0.02476140383218908
-0.03511833716584509
-0.020344199960303122
0.06794035487205018
0.12203700484348755
0.07848838709661757
0.023242011011008448
0.00892839080487587
0.002221133010756839
0.08190310498339465
0.09717221964408412
0.06985760931857089
0.01881227606430863
0.013182690704181635
-0.014996563783487996
-0.0052724497279319615
0.07940002278932594
0.10114143759137455
0.05054722303041129
-0.007546839806647709
0.006541221052835374
0.008417749506211039
0.061505647955132615
0.11606594769468284
0.07629858177289538
0.09002950700018342
-0.004498655858176053
0.0013439577737865784
0.01597085485026568
0.050835437751130086
0.12269488627121525
0.06925925049620903
0.11236614785589043
-0.00993714232739167
0.029664186853112146
-0.0110242130674941
0.0753242907061177
0.11803645920916246
0.1277605732647185
0.08055914720960806
-0.033818238153907026
0.03222365888384323
0.07862309615086656
0.15562028534463468
0.136093738015936
0.12387280730371816
0.07207560956062425
-0.040807445131337924
0.007844452833476906
0.0522389181302825
0.11048648663381129
0.09113537435250664
0.0817809270039595
-0.015754693809726578
-0.020623016374911526
0.03403753196314959
0.12754754499288287
0.17971754221168915
0.10048042339494338
-0.01833296245267845
-0.043291730713185844
0.05466681387546805
0.11902641411945748
0.14868746820386616
0.09926177636929542
0.09476625327982283
0.03263091881529371
0.03028447505639826
0.06041544444632672
0.09135780093045268
0.13741263364009484
0.0587331476525659
0.04573842307059218
-0.0262275395854108
0.015961456544155282
0.07182812083305051
0.08892990518526712
0.1550877146650456
0.02791296914787509
-0.020980152007106564
-0.11585605219155068
-0.059870342691923775
0.010955292156017865
0.052805949265609706
0.11728459472033081
0.05439426299826657
-0.038226043719682586
-0.1252574910706498
-0.06471986864488793
-0.01967692022646503
0.028223113249518147
0.013558622948597462
-0.042633849285458145
-0.05588859366981948
-0.0898070804222374
-0.06206014801564596
-0.053050305224479996
-0.00626240463822697
-0.08354154301530696
-0.08424641597358663
-0.10696212184241292
-0.07815318084534678
-0.0284706019770919
-0.0170046685224092
-0.014401337729829605
-0.07429987534008456
-0.038429673685407825
-0.0768906750578503
-0.092949247431813
-0.08793995027497212
-0.04573215753318525
-0.106053618918408
-0.08836600681864339
-0.08873880629435575
-0.07934676572136704
-0.1144212441253636
-0.15199567195472544
-0.08235422367669364
-0.10563696068084713
-0.09515158383034905
-0.061493116880318756
-0.06280887973577415
-0.055663034323169984
-0.1502068610250468
-0.047549163381195074
-0.1449187474535975
-0.07329112381756876
-0.13679234543680874
-0.06280887973577415
-0.09279887453404667
-0.17642813507305066
-0.07581613539256173
-0.3184020799453908
1.1610040815042095
-0.8341090656037246
-0.5849035807804734
-0.8918647894208094
-0.30054216556693564
0.377069439455184
0.3759604393341573
1.4795659326534771
-0.7026862857246552
-0.7905197218637096
-0.7330114867741986
-0.4168148759960472
0.6671042987906973
0.12675495451090618
0.5790922948355455
-0.7797273336802718
-0.5913696153844257
-0.35822270293513725
-0.08851637971640972
0.57175535053203
0.03504628348566539
0.024444994193139093
-0.7143464508389528
-0.46682326280946246
-0.21609838516503072
0.2590799717765735
0.18228641254853062
-0.007327545997405144
0.011628837427262888
-0.27910462932912317
-0.3268730865195608
-0.19612071914303303
0.17562614628496356
-0.2120007237008982
-0.0028100935270083003
-0.08649261113397119
-0.14083361706427885
-0.149871654773776
0.11187743593814985
0.01698587191018841
-0.18512156822516665
-0.07282434128075245
-0.10052114938808844
-0.04920013248792124
0.00848980318639074
0.11890110337131887
-0.10073417765992407
-0.0685230498508947
-0.12723426812253635
-0.046637527688486696
-0.08392060802842626
0.004824463803336435
0.04527164053377586
0.03748671030566479
0.05003658173174645
-0.11498200972328389
-0.06654000726160123
-0.1177733066380714
-0.051195706152028585
0.17024404965241033
0.18879630591433133
0.1119275602374053
-0.17538492309479675
-0.12293610946138207
-0.20470137262182425
-0.08033045509425511
0.08036491554999323
0.17885289804953275
0.08558097544126281
-0.1062791782650575
-0.12282019701935386
-0.04045657503654982
0.05649635079829173
-0.05192250849123252
-0.03295046122304716
-0.17775956177202337
-0.211164274457073
-0.08611667888955536
0.15185156459436602
0.19254936282108268
0.06629565130273093
-0.15388159871421148
-0.392780274503062
-0.30415424788203105
-0.1632736392872002
0.056649856464761526
0.06485144493043347
-0.014147583464848923
-0.16311700085202696
-0.29957727280626834
-0.14828334104111915
-0.11955898479904656
0.011237241339329735
-0.1171592839721922
-0.28520099722606645
-0.30787284433304424
-0.33028780440633787
-0.14539806106522768
-0.16313266469554427
-0.26112880250863973
-0.36990479743035903
-0.3563618383252789
-0.3142636924881133
-0.19801604420862948
-0.016306061101536456
-0.06177193329492716
-0.23207237278399986
-0.3734166311469435
-0.393688777427067
-0.23124532184628505
-0.16738696459485003
-0.16769397592778962
-0.268039690268484
-0.37225437395795796
-0.3762047952930276
-0.3337526465923704
-0.16366523537513336
-0.15281332458632985
-0.17597701637975166
-0.29870323033800156
-0.36040937549015595
-0.3096240620382813
-0.19390271890097965
-0.08797441073071025
-0.10042090078957755
-0.13669209683829783
-0.28268851672588735
-0.3238280353397926
-0.28281696024272945
-0.21009600032919135
-0.13333063601947967
-0.12992531643881297
-0.17555409260478386
-0.31812326353078246
-0.2852229266069907
-0.23222587845046966
-0.16541645308037042
-0.17209551595615827
-0.11780776709380951
-0.16992450724465685
-0.2384350260207377
-0.2063993332591024
-0.15859641561292664
-0.1699495693942846
-0.1753160021833205
-0.1568232685267653
-0.21838217354985684
-0.2325642174704439
-0.1487563891153424
-0.19530619928013207
-0.2228432361835913
-0.15922610212232316
-0.17333295959402703
-0.25018917419613923
-0.2577078190844557
-0.17223962331651765
-0.1682547415257099
-0.13970895309973486
-0.11383228360911214
-0.23932159956381838
-0.28327434447343536
-0.23087252237057268
-0.17130292547418155
-0.1722521543913315
-0.17858974547844167
-0.1625812974037344
-0.21235785933309323
-0.17800078496219018
-0.13609687078463945
-0.11332790784785425
-0.12902934458962192
-0.1547086496519263
-0.17150028990249988
-0.14186743073642238
-0.10924904299594253
-0.08889857749823248
-0.10137639524413444
-0.12486276221401317
-0.13816449812892648
-0.1429732980887456
-0.12826808179467986
-0.08390494418490892
-0.12684580480330665
-0.11202467606721271
-0.1548088982504372
-0.14294197040171094
-0.17485235241520766
-0.14039189667709026
-0.1229517733048994
-0.08440931994616682
-0.07885492103492299
-0.11287365638585178
-0.17053852991053606
-0.2285104147681599
-0.22938132446772322
-0.19060704622493424
-0.10641702008800998
-0.05544374051392742
-0.0447453353915937
-0.07139579875197231
-0.1408837413635343
-0.16740576120707082
-0.14418567957698664
-0.11860349034448968
-0.04477979584733182
-0.004724215204825548
-0.05431907654938341
-0.14118761992777043
-0.17414121391952106
-0.13537320121413898
-0.12201820823126676
-0.09717848518149105
0.014153849002255853
0.04556298802319812
0.023455039282844085
-0.057686802905608514
-0.13237514156492278
-0.20388998552762674
-0.1476473889943157
-0.044172038718859566
0.022837883848261437
-0.032489944223637775
-0.09902368594783206
-0.1722803493096627
-0.1320681302319832
-0.09792721690161924
-0.09719414902500838
-0.10690886477445402
-0.1542857258769585
-0.15237786973654818
-0.17886229635564313
-0.1837306189208281
-0.06862643121810906
-0.044475917283095696
0.008386421819176388
-0.1038293531389477
-0.1344427689092098
-0.18429451728745183
-0.139063602746821
-0.06721981807025318
-0.06937203016953378
-0.06480758616858495
-0.2032101747189748
-0.20863926288208
-0.18836398383325315
-0.13336196370651432
-0.04614255023333919
-0.09067485735309726
-0.14636921936330188
-0.1837274861521246
-0.13850910268630767
-0.07987620363225265
-0.04807860129208069
-0.061223698771820746
-0.08807779209792459
-0.1468735951245598
-0.10372910454043682
-0.0928959903638541
-0.02420377100297227
-0.06000505174617278
-0.1061350709046981
-0.10521090413717586
-0.1812964576382356
-0.18228954531723407
-0.1318143759670025
-0.05651514741051252
-0.12391040052815976
-0.1343989101473613
-0.0606691987113074
0.008740424682667957
-0.10739444392349112
-0.07473219742116277
-0.19110202368008175
0.11670503251018975
-0.2778327252355163
0.2727513743984957
-0.5477834044131141
1.0781830752906996
-0.4237257637558915
-0.2593744520346992
-1.1577366037464953
-0.5924942793489697
0.659613848820712
0.24374506897311124
0.5826981116132339
0.07551538959702907
-0.07718202254727256
-0.6957315392029625
-0.14956777620953987
0.6702589968750867
0.6905562053048379
0.174147479456928
-0.1793228133550525
-0.5099082307882196
-0.17742122275204913
-0.008398952893990248
0.4747648314727468
0.3651053957766503
0.22851354753686337
-0.24561846465778345
-0.11461547578497845
0.016807304094090893
0.2767769821824485
0.46484335298887247
0.35064766821015836
0.30777259573453336
-0.003471107723439461
-0.0060650402099086615
-0.2095164381190503
0.039980394193623106
0.24278330898114744
0.27518553568108817
0.06752996217189623
-0.048858660699243536
0.1607893537053523
0.13804232014949136
0.2489642616330843
0.06162156039716083
0.29750964546198133
0.07266457007687573
0.23491066122933935
0.1494957225293602
0.24079086808574354
0.14169826122643525
0.313978610536098
0.2810344148504577
0.08419942444303466
0.0542658194814245
0.10733492131812529
0.2287359741148094
0.018903126356709123
0.08306536217238024
0.06693786888694131
0.2067752655035182
0.2583750988182938
0.3764648150954152
0.3175718962389726
0.3588993809750857
0.2713416284819364
0.3789397023711527
0.1448936853039698
-0.24937778710194172
-0.3471013740378357
0.05669058245790658
0.4333057704510881
0.4537345551663848
0.30063928139674306
-0.0328658764680536
-0.18394677996136719
0.038461001372442474
0.3812767478239378
0.6125283352076297
0.49058531342524614
0.09467853575612581
-0.28442093781890365
-0.2942202383233428
0.09262970502405955
0.5206348308288845
0.6844441735643773
0.38153990039502883
0.07350101932070094
-0.18498372640221417
-0.0685324481570051
0.19538138572901523
0.5774193963478951
0.5306283629929386
0.28952421803684847
-0.051615497158292924
-0.27583401880270547
-0.21164672083740663
0.14134739113164715
0.46544797734864124
0.4431865229418174
0.06360773575515778
-0.1306333221657961
-0.1358211871387345
0.01647523061152358
0.2393372634073357
0.42668309741196264
0.2949000491319948
-0.11326211970508147
-0.25066222227036244
-0.10946520403648163
0.08994492224518987
0.1876215176505319
0.22819087236040644
0.06216666215156378
-0.21876750410038306
-0.26114759912086055
-0.08879519613101812
0.05355781375444136
0.11988479274420695
0.08079410486236796
-0.02165056450964812
-0.1362629075259231
-0.085609170359594
-0.0013690199234143
0.04702599100771638
0.03227378318309867
0.0793217035717393
0.019263394757607622
-0.07923398604804228
-0.06365159451700629
0.06261151530745585
0.05813792159890751
-0.001337692236379648
-0.07082563484794163
-0.1535369941568303
-0.1218521714899831
0.038808738698527113
0.1620675233363661
0.16671655209230848
0.19360197310544697
0.10784556261679011
-0.03310396688951695
-0.1409276001253828
-0.007813125146442253
0.22809375653059902
0.33210167748564423
0.23373274019683643
0.09977555043666371
-0.11977514583958566
-0.1783265929073506
-0.024112920710571778
0.18661276612801608
0.3011687193076287
0.14559542549354598
0.006635204113939331
-0.004520585239100309
0.07714442932283098
0.20154980730613825
0.25194979020748665
0.25078126748109414
0.04021221907767953
-0.13500666727583355
-0.130733570764307
0.0544005285356735
0.21552822126100005
0.261648842113415
0.20404349119409654
0.013474038193603901
-0.064127775359933
0.07409311260565586
0.25131070539197975
0.27978130736907164
0.2785250671189821
0.2104061444308344
0.08152717273897882
0.04295965723061853
0.14712421662083702
0.296146891075974
0.21696616209589056
0.16897841109621037
0.09712522811353214
0.08261737624778472
0.1431988574353951
0.2605555058359056
0.3021273465308891
0.2364363195879269
0.1666883571739773
0.15670735608473713
0.17822947707754316
0.2925034810738439
0.3741058402617059
0.28606877415692633
0.11404217911224432
0.08403338770175099
0.15422933604029612
0.1605355994403716
0.2551326832102073
0.3302784061002275
0.24513915104615328
0.1495113863728775
0.19545657217789839
0.3107487260028253
0.3150186897456484
0.310914762744109
0.2786347140236034
0.23520514148746507
0.1671488741733867
0.2007321546745338
0.20503344610439156
0.21418739625591693
0.2530619230972168
0.20587302811692024
0.222780580809522
0.17797885558126594
0.24152080319365093
0.20207297967961693
0.1792350958313555
0.1816285311208029
0.1934390691328668
0.20701648869368505
0.16865260315105
0.2215838631647983
0.21297501476767589
0.18109596044121384
0.10773591571216883
0.11466246731553043
0.20235806163163225
0.23232299428027706
0.22495785505843036
0.20794065546120727
0.13688946126661614
0.14964922819583
0.1677409674583416
0.2521910133976535
0.1590506670749291
0.16702669619395155
0.1570864210978564
0.15903500323141176
0.16712381202375895
0.14252217939544662
0.2050647737914262
0.10659245513540402
0.10692452861797135
0.03483325521382975
0.04061947900913001
0.0894374137152285
0.17360237770252504
0.25027375895113274
0.151898556124918
0.06702245364193486
0.009323119661512487
0.01749651320885324
0.06504254382134485
0.11635102964669818
0.17819814939050851
0.06282454357929147
0.021352951482818922
0.0701364257331793
0.022408694535886703
0.18160346897117519
-0.1586716020618098
0.8430719168643386
-0.27245062860296304
-0.21767416782287372
-0.6680973864696957
-0.25161145118751244
0.5930895054026281
0.2684124897441964
0.7214296408774876
-0.1242925983099825
-0.10136386416932058
-0.12407957003814687
-0.2779862309019861
0.5592744000174245
0.05316308489780474
0.33404086131308924
-0.29587747296747596
-0.13512571248656524
-0.07418396289805636
0.05397447199200223
0.34292852612482005
0.05393374599885718
0.03855185166484297
-0.13380055132499943
0.02516239822623263
-0.013646340472294488
0.2043974940575881
0.12363784965095828
0.0197427083692378
0.07186571405749209
-0.0197427083692378
0.1965091824622627
0.029704912846257193
0.10271408748051408
0.016910685461305246
0.07049042859667086
0.12043616003601683
0.007008003589651692
0.10397972603671404
0.11505093063476012
0.11429280060852154
0.06717909207710812
0.06408704936678795
0.09282080391497093
0.07572215233145778
0.010629484210857484
-0.0167164538016904
0.04235503287084974
0.1569611103497178
0.1438661371692332
0.12156082400056084
0.12204013761219101
0.04680982996717728
0.06432827255695478
0.12765719189750416
0.10757927727699557
0.07697839258154733
-0.03082017850469081
-0.004470460939844866
0.07168401347269111
0.26723456871169343
0.2927039782708657
0.19173171018947824
-0.02295379629028965
-0.07850091817143143
-0.049225194637548965
0.07481991494485979
0.17241505836391172
0.23659922356050708
0.14018513394266155
0.014003476104489522
-0.026102228837272194
0.02611789268078952
0.08924318205561366
0.11749762299216646
0.09789275644588112
-0.018351759064899244
-0.05144319487960234
0.00777553192200067
0.09248246489499669
0.17322017992070227
0.13996270736471553
0.0499425986706425
0.005190997741641865
0.034472986812931254
0.1401538062556269
0.08617933426362467
0.08137366707250902
-0.023837237064666842
-0.028301432467104776
-0.03484891905734708
0.06296238540224394
0.07278988082501434
0.057044585321398146
0.007174040330935348
-0.038968509902403844
-0.003424116192887483
0.05224518366768943
0.13518836786063454
0.047364330027690624
-0.06977929010098426
-0.16835185735551733
-0.09497928155165847
0.03811013127765437
0.14876892019015625
0.14604027864943805
-0.009357580117250604
-0.11993491704346239
-0.12081209228043265
-0.08509852906092917
0.049764030854544984
0.09531448780292924
0.05614548070350363
-0.05765860798727733
-0.038179052189130605
-0.046405702804430266
-0.03996159758140232
-0.018849869288750213
-0.034676616778656494
-0.036531215851107905
-0.09148311167859129
-0.03306950643377884
-0.042364431176960135
-0.026616002904640487
-0.06137093890088361
-0.08449077193245692
-0.08563109974051826
-0.10074984150344139
-0.06032772692262969
-0.08455342730652622
-0.11412989663594134
-0.17032550163870042
-0.13420781125644993
-0.09352254410454713
-0.03468601508476689
-0.04991127098360785
-0.0606691987113074
-0.14914485243457207
-0.22346352438687744
-0.18673494410745123
-0.08527396410832322
0.024614163703126215
0.03110839322540961
-0.0657944083101765
-0.16858368223957376
-0.19476736306313605
-0.1388568400123923
-0.04454483819457193
0.002681650010166226
-0.034513712806076305
-0.11803645920916246
-0.16875598451826435
-0.17421326759970074
-0.12167360367388559
-0.07974149457800364
-0.02709844928497413
-0.08981021319094086
-0.10594083924508327
-0.16944832640173016
-0.18146562714822273
-0.13893515922997893
-0.10672716418965303
-0.05916233696494064
-0.10314954233029576
-0.10965003738998608
-0.17090819661754494
-0.0935444734854714
-0.09587838616955298
-0.04836994878150296
-0.09760140895645886
-0.16165713063621215
-0.13583685098225184
-0.13504112773157168
-0.044507244970130345
-0.12707449691865963
-0.0709822732831149
-0.11787668800528574
-0.09068425565920765
-0.055224446704684856
-0.04664692599459709
-0.08833154636290527
-0.20060997669509867
-0.1291389914942432
-0.05592931966296453
-0.04372718556296751
-0.06221678645081922
-0.10742577161052577
-0.13559876056078848
-0.13909493043385565
-0.027342805243844418
-0.01416951284577318
-0.04556298802319812
-0.12574620298839037
-0.1844856161783632
-0.15642227413272178
-0.09937768881132363
0.03745851538733361
0.026800836258144937
-0.023414313289699035
-0.10866321524839453
-0.08765800109166025
-0.10468146622629025
0.012045495664823762
0.07273035821964849
0.045512863723942684
0.01395961734264101
-0.07534308731833848
-0.05548446650707247
-0.07419649397287022
0.012894475983462836
0.05137740673682957
0.05727014466804764
0.047239019279552014
-0.03780625271341825
-0.03966085178586965
0.0037029326074958873
0.014053600403744966
0.03076065589932497
0.03865523303205732
-0.047746527809513384
-0.10454988994074471
-0.06949107538026546
0.00892839080487587
0.07577540939941668
-0.004288760355043883
-0.04008690832954093
-0.12633516350464183
-0.06634890837068984
-0.07534935285574541
0.03479252922068471
0.013279806533989058
-0.04364260080797395
-0.07842573172254826
-0.0894374137152285
-0.07205054741099653
-0.14423580387624207
0.020842310184154094
-0.13577419560818252
0.10458748316518629
-0.4477540997114697
1.1465839471621593
-0.6989394943553108
-0.8431095100887801
-1.115174808141217
0.1002454657421835
0.882037293998039
-0.2370472094851026
0.25516401089724194
-0.42770124724058883
-0.7303455006075497
-0.45729651318222475
-0.2170100208577391
0.5145729233876793
-0.09759514341905193
-0.26977524413020376
-0.70707529467821
-0.8569594805267998
-0.04392768275998928
0.07593204783458994
0.32410371898569756
-0.3433483171310844
-0.3604782964016322
-0.6921507845749018
-0.4396276976946809
-0.19757432382144088
0.12464033563606715
-0.09847858419342911
-0.5799569389977018
-0.30505648526862905
-0.28930179145890245
-0.027580895665307775
-0.294430133826475
0.08962224706873294
-0.11103785392562117
-0.38764879936678603
-0.49495239299787663
-0.32487438008675
-0.044638821255675885
-0.04564444000948822
-0.03336711946060803
-0.37005517032812535
-0.23404288429847947
-0.2433440745790677
-0.009965337245722856
-0.29296086530454984
-0.24007033128394656
-0.27421437738301396
-0.040760453600785944
-0.14448329260381584
-0.17608039774696602
-0.24052771551465246
-0.28442720335631055
-0.252773708376498
-0.2754424227147723
-0.05697566440992191
-0.0954993211564337
-0.13690512511013347
-0.227736620898404
-0.28374112701025167
-0.15454887844804957
-0.0789175764089923
0.024097256867054453
-0.160275579637984
-0.331177510718122
-0.3424398142070795
-0.31006264965676644
-0.22657749647812186
-0.17759979056814665
-0.09205327558262195
-0.25548355330499545
-0.28088090918398795
-0.14735290873618997
-0.03374931724243079
-0.12140418556538758
-0.10872273785376038
-0.1538628021019907
-0.24114173818053167
-0.240120455583202
-0.21280584525768875
-0.18201072890262568
-0.24172756592807965
-0.16815449292719903
-0.1424407274091565
-0.11020767021920289
-0.13970895309973486
-0.1119181619312949
-0.19959495963517593
-0.26414879153878024
-0.2248356770789952
-0.038279300787641496
0.03937890260255778
0.031700486510364535
-0.132578771530648
-0.18781574931014672
-0.284840728825168
-0.23537431099745218
-0.14966802480805078
-0.06353254930627461
-0.03156577745611553
-0.16971774451022817
-0.2483721683481294
-0.248450487565716
-0.13207126300068664
-0.10085009010195228
-0.053015844768741875
-0.07746083896188097
-0.17619317742029075
-0.2214930128723978
-0.16863693930753265
-0.08361046392678319
-0.1082434242421302
-0.15276633305577786
-0.21220122089791998
-0.19627735757820627
-0.060966811738136596
0.08694686259597365
0.079844875945218
-0.03751803799269945
-0.21896800129740485
-0.28577116113009715
-0.21340107131134717
-0.01780979007919976
0.13181124319829904
0.1375943342248958
-0.13958990788900316
-0.3455287241486962
-0.5217031049567662
-0.200221513375869
0.1244461039764523
0.28163903921022654
0.19029690212329117
-0.10150797152967998
-0.34168481694954433
-0.43076196226387437
-0.12772924557768386
0.1275976692921383
0.16210198379210422
-0.017421326759970074
-0.29668572729297
-0.338113460627594
-0.2526108044039178
-0.003912828110628056
0.0833943028862441
0.004147785763387948
-0.23061250256818505
-0.38216018859831496
-0.2653831024079455
-0.043495360678911084
0.10565262452436447
-0.01860238056117646
-0.23431543517568096
-0.4255521679100117
-0.30833336133245365
-0.11057733692621179
0.046781635048846096
0.08917112837543395
-0.023711926316528232
-0.2817956776453998
-0.4106276578067034
-0.310328934996561
-0.09200628405206998
0.029310183989620577
0.02812913018841419
-0.1031088163371507
-0.19948844549925812
-0.24641105513976017
-0.20232360117589415
-0.12346868014097115
-0.06663712309140864
-0.031988701231083334
-0.12918598302479517
-0.11632596749707046
-0.14931088917585572
-0.12761020036695217
-0.10694959076759906
-0.07032125908668374
-0.02091123109563033
-0.10272661855532796
-0.20677213273481476
-0.2110201670967136
-0.11546132333491406
-0.009645794837969405
-6.265537406930436e-05
-0.015851809639534
-0.09228510046667839
-0.16898154386491385
-0.11763859758382239
-0.1410278487238937
-0.01753723920199829
0.038329425086896934
-0.010892636781948562
-0.18649685368598787
-0.2447318911147028
-0.12333710385542561
-0.03145299778279079
-0.010460314700870362
-0.06435646747528596
-0.09366978423361
-0.06551559189556809
0.0014880651341459784
0.18322311039086672
0.20196333277499565
0.125238694458429
-0.014288558056504858
-0.025679305062304387
0.0021992036298325826
0.042759160033596755
0.1948801427364608
0.0992555108318885
0.038200981570054866
-0.05324140411539137
0.03175061080961998
0.09136719923656307
0.1961050552995157
0.26118519234530213
0.16177304307824036
0.09619479580860298
0.0260113785448717
0.06706004686637644
0.10186197439317154
0.1466198408595791
0.1183935948413575
0.06896163746937983
0.11472512268959974
0.15339601956517437
0.17819188385310158
0.18455140432113595
0.17197647074542657
0.10928663622038412
0.11294884283473496
0.12379448808613154
0.2316901750021771
0.23627028284664325
0.1849179382594414
0.0790428871571309
0.18014986429276733
0.21576004614505648
0.2937785179361542
0.19531873035494593
0.2279621802450535
0.17956090377651587
0.27047698431977996
0.270201300673875
0.30434534677294245
0.21788406332600588
0.056051497642399674
0.18287850583348553
-0.10960617862813757
1.3492458873580275
-0.3283956121094449
0.14021959439839968
-1.4356131877438603
0.06355447868719886
0.6910229878416543
0.5779989585580361
0.8661447583653599
0.03536269312471538
-0.14392252700589556
-0.5616365076198373
0.17371515737584978
1.1063936574654039
0.6459142512804585
0.22566899355411696
-0.517351689227653
-0.48539431568360425
-0.0035055681791775783
0.4350162621631801
0.7834208679816573
0.40193109188588394
-0.06410897874771221
-0.4734678652295122
-0.16162893571788098
0.26885734290008845
0.6620260807223801
0.49207964409679905
0.1572399267643262
-0.1266891663681334
-0.15575499439888368
0.1399282469089774
0.2987376907937397
0.5900820474473014
0.28730308502609164
-0.0179413663647453
-0.37012722400830506
-0.10381055652672691
0.21983891099696817
0.4862307649274295
0.45176404365190515
0.1429983602383733
-0.12125381266762125
-0.2755426713132832
0.10142965231209335
0.1597524072645053
0.396429950042599
0.11404844464965125
0.054015197985147284
-0.2625479467313095
-0.16284131720612202
0.06692847058083091
0.2750915526199842
0.26906097286581365
-0.04088263158022109
-0.07800594071628392
-0.14212118500140306
-0.03556319032173715
0.007515512119613057
0.048908784998498975
0.06229510566840585
0.008442811655838761
0.06641782928216608
-0.06432513978825131
0.022922468603254996
0.03845160306633208
0.08685914507227663
0.000748731720128187
0.02077965481008479
0.040033651261582016
-0.01728661770572107
0.03915960879331522
0.11649513700705758
0.2137926673992803
0.1300662910304689
0.08783656890775778
0.006450370760434883
-0.024620429240533145
0.05243314978989735
0.1744607563272745
0.2145320008132981
0.087050243963188
0.022104815971650576
0.040353193669335465
0.12727186134697793
0.15360278229960309
0.19227054640647426
0.10978474644423508
0.0869969868952291
0.013975281186158336
0.05453210482121904
0.11713422182256449
0.17076095648848208
0.18375881383915926
0.08182478576580801
0.048501525067048495
-0.007816257915145718
0.07818450853238143
0.18564160782994185
0.2404995205963213
0.17671321702506598
0.08354780855271389
0.026603471829826628
0.04648715479072037
0.21483587937753423
0.3560830219106705
0.35541887494553587
0.19965134947183832
0.09327505537697339
0.10151110429838345
0.19194473846131388
0.2988504704670644
0.3316348949488279
0.11011055438939547
-0.01115578935303964
-0.031171048599478914
0.19737069385571565
0.26575903465236134
0.374860837519241
0.38249852761828923
0.2217279705251577
0.0990644119409771
0.12236907832605487
0.3290754229180968
0.3927019552854754
0.3975922072315846
0.2650071701635297
0.04771206735377526
0.02022828751827491
0.139333020855319
0.32706731817917567
0.3601838161435065
0.33777512160761974
0.19764637750162056
0.10004810131386518
0.15905379984363255
0.3039976094468578
0.4093839486314277
0.33518432188985403
0.24520180642022257
0.11417688816649332
0.07243901073022622
0.18706388482131509
0.3645759578657647
0.32992440323673594
0.20434110422092575
0.10177112410077106
0.08687167614709049
0.1495928383591676
0.2892579326970539
0.3056109853291424
0.1898081902055506
0.12880378524297242
0.10811184795658466
0.15626250292884505
0.19345786574508758
0.30160417415741037
0.2867141245098402
0.12883511293000707
0.02004658693347393
0.0648295155495092
0.19258695604552425
0.3118859210421832
0.3443633341910071
0.18658770397838836
0.04906229066496877
-0.011183984271370826
0.08617933426362467
0.1801248021431396
0.2387326390475669
0.17160053850101076
0.043225942570413074
0.07431867195230536
0.08354154301530696
0.16323917883146208
0.18209531365761925
0.13699910817123742
0.03686642210237868
-0.02104594014987933
0.04177547066070868
0.11445257181239826
0.14524455539875789
0.1843853675798523
0.0926986259355358
0.014272894212987532
-0.001325161161565787
0.08871061137602457
0.1254642538050785
0.07986993809484572
0.03226751764569174
0.011700891107442588
-0.017530973664591356
0.01669765718946961
0.08648634559656426
0.1267956805040512
0.07649281343251021
-0.030036986328824507
-0.03550680048507478
0.0386301708824296
0.07774905368259977
0.08658032865766822
-0.017430725066080472
0.002678517241462761
0.020842310184154094
0.021412474088184762
-0.021252702884308035
0.06189724404306577
0.11547072164102445
-0.004927845170550787
0.022772095705488667
0.013802978907467749
0.030588353620634383
-0.020942558782664978
-0.006133961121384896
-0.05947248106658369
-0.033736786167616925
0.08182478576580801
0.08471319851040295
0.11663924436741697
0.038705357331312765
0.03615215083798861
-0.05646502311125708
